2020-10-1516:04:24,,1,1
2020-10-1516:04:25,,1,1
2020-10-1516:04:26,,1,1
2020-10-1516:04:27,,1,1
2020-10-1516:04:28,,1,1
2020-10-1516:04:29,,1,1
2020-10-1516:04:30,75,1,1
2020-10-1516:04:31,75,1,1
2020-10-1516:04:32,76,1,1
2020-10-1516:04:33,76,1,1
2020-10-1516:04:34,,1,1
2020-10-1516:04:35,78,1,1
2020-10-1516:04:36,78,1,1
2020-10-1516:04:37,79,1,1
2020-10-1516:04:38,79,1,1
2020-10-1516:04:39,79,1,1
2020-10-1516:04:40,79,1,1
2020-10-1516:04:41,,1,1
2020-10-1516:04:42,80,1,1
2020-10-1516:04:43,80,1,1
2020-10-1516:04:44,80,1,1
2020-10-1516:04:45,,1,1
2020-10-1516:04:46,,1,1
2020-10-1516:04:47,,1,1
2020-10-1516:04:48,,1,1
2020-10-1516:04:49,,1,1
2020-10-1516:04:50,,1,1
2020-10-1516:04:51,79,1,1
2020-10-1516:04:52,78,1,1
2020-10-1516:04:53,78,1,1
2020-10-1516:04:54,78,1,1
2020-10-1516:04:55,,1,1
2020-10-1516:04:56,,1,1
2020-10-1516:04:57,,1,1
2020-10-1516:04:58,,1,1
2020-10-1516:04:59,,1,1
2020-10-1516:05:00,,1,1
2020-10-1516:05:01,,1,1
2020-10-1516:05:02,,1,0
2020-10-1516:05:03,412,1,0
2020-10-1516:05:04,,1,0
2020-10-1516:05:05,,1,0
2020-10-1516:05:06,,1,0
2020-10-1516:05:07,84,1,1
2020-10-1516:05:08,6,1,1
2020-10-1516:05:09,85,1,1
2020-10-1516:05:10,86,1,1
2020-10-1516:05:11,86,1,1
2020-10-1516:05:12,,1,1
2020-10-1516:05:13,,1,1
2020-10-1516:05:14,,1,1
2020-10-1516:05:15,,1,1
2020-10-1516:05:16,86,1,1
2020-10-1516:05:17,85,1,1
2020-10-1516:05:18,85,1,1
2020-10-1516:05:19,,1,1
2020-10-1516:05:20,85,1,1
2020-10-1516:05:21,85,1,1
2020-10-1516:05:22,84,1,1
2020-10-1516:05:23,,1,1
2020-10-1516:05:24,85,1,1
2020-10-1516:05:25,85,1,1
2020-10-1516:05:26,85,1,1
2020-10-1516:05:27,,1,1
2020-10-1516:05:28,,1,1
2020-10-1516:05:29,,1,1
2020-10-1516:05:30,88,1,1
2020-10-1516:05:31,89,1,1
2020-10-1516:05:32,90,1,1
2020-10-1516:05:33,91,1,1
2020-10-1516:05:34,91,1,1
2020-10-1516:05:35,,1,1
2020-10-1516:05:36,93,1,1
2020-10-1516:05:37,94,1,1
2020-10-1516:05:38,,1,1
2020-10-1516:05:39,95,1,1
2020-10-1516:05:40,4,1,1
2020-10-1516:05:41,95,1,1
2020-10-1516:05:42,,1,1
2020-10-1516:05:43,,1,1
2020-10-1516:05:44,,1,1
2020-10-1516:05:45,96,1,1
2020-10-1516:05:46,,1,1
2020-10-1516:05:47,96,1,1
2020-10-1516:05:48,94,1,1
2020-10-1516:05:49,,1,1
2020-10-1516:05:50,,1,1
2020-10-1516:05:51,,1,1
2020-10-1516:05:52,,1,1
2020-10-1516:05:53,92,1,1
2020-10-1516:05:54,93,1,1
2020-10-1516:05:55,,1,1
2020-10-1516:05:56,,1,1
2020-10-1516:05:57,97,1,1
2020-10-1516:05:58,97,1,1
2020-10-1516:05:59,97,1,1
2020-10-1516:06:00,97,1,1
2020-10-1516:06:01,,1,1
2020-10-1516:06:02,95,1,1
2020-10-1516:06:03,94,1,1
2020-10-1516:06:04,93,1,1
2020-10-1516:06:05,,1,1
2020-10-1516:06:06,91,1,1
2020-10-1516:06:07,,1,1
2020-10-1516:06:08,86,1,1
2020-10-1516:06:09,,1,1
2020-10-1516:06:10,84,1,1
2020-10-1516:06:11,,1,1
2020-10-1516:06:12,82,1,1
2020-10-1516:06:13,81,1,1
2020-10-1516:06:14,79,1,1
2020-10-1516:06:15,,1,1
2020-10-1516:06:16,,1,1
2020-10-1516:06:17,,1,1
2020-10-1516:06:18,,1,1
2020-10-1516:06:19,,1,1
2020-10-1516:06:20,,1,1
2020-10-1516:06:21,,1,1
2020-10-1516:06:22,60,1,1
2020-10-1516:06:23,60,1,1
2020-10-1516:06:24,18,1,1
2020-10-1516:06:25,,1,1
2020-10-1516:06:26,,1,1
2020-10-1516:06:27,,1,1
2020-10-1516:06:28,,1,1
2020-10-1516:06:29,65,1,1
2020-10-1516:06:30,65,1,1
2020-10-1516:06:31,65,1,1
2020-10-1516:06:32,65,1,1
2020-10-1516:06:33,66,1,1
2020-10-1516:06:34,,1,1
2020-10-1516:06:35,,1,1
2020-10-1516:06:36,70,1,1
2020-10-1516:06:37,,1,1
2020-10-1516:06:38,,1,1
2020-10-1516:06:39,,1,1
2020-10-1516:06:40,75,1,1
2020-10-1516:06:41,,1,1
2020-10-1516:06:42,,1,1
2020-10-1516:06:43,77,1,1
2020-10-1516:06:44,,1,1
2020-10-1516:06:45,76,1,1
2020-10-1516:06:46,,1,1
2020-10-1516:06:47,,1,1
2020-10-1516:06:48,,1,1
2020-10-1516:06:49,,1,1
2020-10-1516:06:50,73,1,1
2020-10-1516:06:51,,1,1
2020-10-1516:06:52,,1,1
2020-10-1516:06:53,,1,1
2020-10-1516:06:54,75,1,1
2020-10-1516:06:55,,1,1
2020-10-1516:06:56,78,1,1
2020-10-1516:06:57,,1,1
2020-10-1516:06:58,3,1,1
2020-10-1516:06:59,82,1,1
2020-10-1516:07:00,83,1,1
2020-10-1516:07:01,,1,1
2020-10-1516:07:02,85,1,1
2020-10-1516:07:03,6,1,1
2020-10-1516:07:04,86,1,1
2020-10-1516:07:05,87,1,1
2020-10-1516:07:06,87,1,1
2020-10-1516:07:07,,1,1
2020-10-1516:07:08,,1,1
2020-10-1516:07:09,,1,1
2020-10-1516:07:10,,1,1
2020-10-1516:07:11,,1,1
2020-10-1516:07:12,,1,1
2020-10-1516:07:13,,1,1
2020-10-1516:07:14,,1,1
2020-10-1516:07:15,89,1,1
2020-10-1516:07:16,89,1,1
2020-10-1516:07:17,89,1,1
2020-10-1516:07:18,8,1,1
2020-10-1516:07:19,8,1,1
2020-10-1516:07:20,,1,1
2020-10-1516:07:21,,1,1
2020-10-1516:07:22,,1,1
2020-10-1516:07:23,,1,1
2020-10-1516:07:24,,1,1
2020-10-1516:07:25,,1,1
2020-10-1516:07:26,,1,1
2020-10-1516:07:27,,1,1
2020-10-1516:07:28,91,1,1
2020-10-1516:07:29,4,1,1
2020-10-1516:07:30,89,1,1
2020-10-1516:07:31,15,1,1
2020-10-1516:07:32,,1,1
2020-10-1516:07:33,,1,1
2020-10-1516:07:34,80,1,1
2020-10-1516:07:35,,1,1
2020-10-1516:07:36,76,1,1
2020-10-1516:07:37,,1,1
2020-10-1516:07:38,,1,1
2020-10-1516:07:39,,1,1
2020-10-1516:07:40,72,1,1
2020-10-1516:07:41,,1,1
2020-10-1516:07:42,,1,1
2020-10-1516:07:43,18,1,1
2020-10-1516:07:44,,1,1
2020-10-1516:07:45,,0,0
2020-10-1516:07:46,,0,0
2020-10-1516:07:47,,0,0
2020-10-1516:07:48,97,0,0
2020-10-1516:07:49,,0,0
2020-10-1516:07:50,60,0,0
2020-10-1516:07:51,,1,0
2020-10-1516:07:52,,1,1
2020-10-1516:07:53,,1,1
2020-10-1516:07:54,65,1,1
2020-10-1516:07:55,,1,1
2020-10-1516:07:56,,1,1
2020-10-1516:07:57,66,1,1
2020-10-1516:07:58,,1,1
2020-10-1516:07:59,,1,1
2020-10-1516:08:00,18,1,1
2020-10-1516:08:01,,1,1
2020-10-1516:08:02,57,1,1
2020-10-1516:08:03,97,1,1
2020-10-1516:08:04,,1,1
2020-10-1516:08:05,,1,1
2020-10-1516:08:06,,1,1
2020-10-1516:08:07,60,1,1
2020-10-1516:08:08,,1,1
2020-10-1516:08:09,,1,1
2020-10-1516:08:10,63,1,1
2020-10-1516:08:11,65,1,1
2020-10-1516:08:12,,1,1
2020-10-1516:08:13,68,1,1
