2020-10-1515:43:49,,1,0
2020-10-1515:43:50,68,1,0
2020-10-1515:43:51,68,1,0
2020-10-1515:43:52,,1,0
2020-10-1515:43:53,80,1,0
2020-10-1515:43:54,86,1,1
2020-10-1515:43:55,92,1,1
2020-10-1515:43:56,99,1,1
2020-10-1515:43:57,104,1,1
2020-10-1515:43:58,,1,1
2020-10-1515:43:59,115,1,1
2020-10-1515:44:00,,1,1
2020-10-1515:44:01,,1,1
2020-10-1515:44:02,120,1,1
2020-10-1515:44:02,128,1,1
2020-10-1515:44:03,142,1,1
2020-10-1515:44:04,128,1,1
2020-10-1515:44:05,126,1,1
2020-10-1515:44:06,125,1,1
2020-10-1515:44:07,121,1,1
2020-10-1515:44:08,,1,1
2020-10-1515:44:09,108,1,1
2020-10-1515:44:10,102,1,1
2020-10-1515:44:11,96,1,1
2020-10-1515:44:12,90,1,1
2020-10-1515:44:13,86,1,1
2020-10-1515:44:14,83,1,1
2020-10-1515:44:15,80,1,1
2020-10-1515:44:16,,1,1
2020-10-1515:44:17,,1,1
2020-10-1515:44:18,77,1,1
2020-10-1515:44:19,,1,1
2020-10-1515:44:20,75,1,1
2020-10-1515:44:21,,1,1
2020-10-1515:44:22,,1,1
2020-10-1515:44:23,,1,1
2020-10-1515:44:23,75,1,1
2020-10-1515:44:24,76,1,1
2020-10-1515:44:25,77,1,1
2020-10-1515:44:26,,1,1
2020-10-1515:44:27,,1,1
2020-10-1515:44:28,78,1,1
2020-10-1515:44:29,79,1,1
2020-10-1515:44:30,80,1,1
2020-10-1515:44:31,,1,1
2020-10-1515:44:32,80,1,1
2020-10-1515:44:33,80,1,1
2020-10-1515:44:34,,1,1
2020-10-1515:44:35,,1,1
2020-10-1515:44:36,,1,1
2020-10-1515:44:37,80,1,1
2020-10-1515:44:38,80,1,1
2020-10-1515:44:39,80,1,1
2020-10-1515:44:40,79,1,1
2020-10-1515:44:41,79,1,1
2020-10-1515:44:42,79,1,1
2020-10-1515:44:43,,1,1
2020-10-1515:44:43,77,1,1
2020-10-1515:44:44,,1,1
2020-10-1515:44:45,72,1,1
2020-10-1515:44:46,4,1,1
2020-10-1515:44:47,69,1,1
2020-10-1515:44:48,,1,1
2020-10-1515:44:49,,1,1
2020-10-1515:44:50,75,1,1
2020-10-1515:44:51,,1,1
2020-10-1515:44:52,79,1,1
2020-10-1515:44:53,79,1,1
2020-10-1515:44:54,79,1,1
2020-10-1515:44:55,,1,1
2020-10-1515:44:56,,1,1
2020-10-1515:44:57,82,1,1
2020-10-1515:44:58,84,1,1
2020-10-1515:44:59,86,1,1
2020-10-1515:45:00,83,1,1
2020-10-1515:45:01,79,1,1
2020-10-1515:45:02,77,1,1
2020-10-1515:45:03,75,1,1
2020-10-1515:45:04,75,1,1
2020-10-1515:45:05,,1,1
2020-10-1515:45:06,77,1,1
2020-10-1515:45:06,78,1,1
2020-10-1515:45:07,80,1,1
2020-10-1515:45:08,82,1,1
2020-10-1515:45:09,84,1,1
2020-10-1515:45:10,85,1,1
2020-10-1515:45:11,86,1,1
2020-10-1515:45:12,86,1,1
2020-10-1515:45:13,86,1,1
2020-10-1515:45:14,86,1,1
2020-10-1515:45:15,86,1,1
2020-10-1515:45:16,86,1,1
2020-10-1515:45:17,86,1,1
2020-10-1515:45:18,85,1,1
2020-10-1515:45:19,84,1,1
2020-10-1515:45:20,82,1,1
2020-10-1515:45:21,,1,1
2020-10-1515:45:22,80,1,1
2020-10-1515:45:23,,1,1
2020-10-1515:45:24,77,1,1
2020-10-1515:45:25,77,1,1
2020-10-1515:45:26,77,1,1
2020-10-1515:45:27,,1,1
2020-10-1515:45:27,,1,1
2020-10-1515:45:28,77,1,1
2020-10-1515:45:29,,1,1
2020-10-1515:45:30,,1,1
2020-10-1515:45:31,78,1,1
2020-10-1515:45:32,78,1,1
2020-10-1515:45:33,79,1,1
2020-10-1515:45:34,17,1,1
2020-10-1515:45:35,80,1,1
2020-10-1515:45:36,80,1,1
2020-10-1515:45:37,80,1,1
2020-10-1515:45:38,311,1,1
2020-10-1515:45:39,,1,1
2020-10-1515:45:40,,1,1
2020-10-1515:45:41,,1,1
2020-10-1515:45:42,,1,1
2020-10-1515:45:43,,1,1
2020-10-1515:45:44,82,1,1
2020-10-1515:45:45,82,1,1
2020-10-1515:45:46,83,1,1
2020-10-1515:45:47,84,1,1
2020-10-1515:45:47,84,1,1
2020-10-1515:45:48,85,1,1
2020-10-1515:45:49,86,1,1
2020-10-1515:45:50,4,1,1
2020-10-1515:45:51,88,1,1
2020-10-1515:45:52,90,1,1
2020-10-1515:45:53,91,1,1
2020-10-1515:45:54,95,1,1
2020-10-1515:45:55,,1,1
2020-10-1515:45:56,,1,1
2020-10-1515:45:57,,1,1
2020-10-1515:45:58,91,1,1
2020-10-1515:45:59,,1,1
2020-10-1515:46:00,8,1,1
2020-10-1515:46:01,4,1,1
2020-10-1515:46:02,,1,1
2020-10-1515:46:03,86,1,1
2020-10-1515:46:04,84,1,1
2020-10-1515:46:05,83,1,1
2020-10-1515:46:06,,1,1
2020-10-1515:46:07,80,1,1
2020-10-1515:46:08,80,1,1
2020-10-1515:46:09,80,1,1
2020-10-1515:46:09,79,1,1
2020-10-1515:46:10,79,1,1
2020-10-1515:46:11,80,1,1
2020-10-1515:46:12,,1,1
2020-10-1515:46:13,,1,1
2020-10-1515:46:14,82,1,1
2020-10-1515:46:15,83,1,1
2020-10-1515:46:16,84,1,1
2020-10-1515:46:17,85,1,1
2020-10-1515:46:18,86,1,1
2020-10-1515:46:19,87,1,1
2020-10-1515:46:20,87,1,1
2020-10-1515:46:21,88,1,1
2020-10-1515:46:22,89,1,1
2020-10-1515:46:23,48,1,1
2020-10-1515:46:24,90,1,1
2020-10-1515:46:25,91,1,1
2020-10-1515:46:26,92,1,1
2020-10-1515:46:27,,1,1
2020-10-1515:46:28,,1,0
2020-10-1515:46:29,,1,0
2020-10-1515:46:30,,1,0
2020-10-1515:46:30,,1,0
2020-10-1515:46:31,5,1,0
2020-10-1515:46:32,5,1,0
2020-10-1515:46:33,,1,0
2020-10-1515:46:34,,1,1
2020-10-1515:46:35,,1,1
2020-10-1515:46:36,,1,1
2020-10-1515:46:37,96,1,1
2020-10-1515:46:38,,1,1
2020-10-1515:46:39,92,1,1
2020-10-1515:46:40,90,1,1
2020-10-1515:46:41,,1,1
2020-10-1515:46:42,87,1,1
2020-10-1515:46:43,85,1,1
2020-10-1515:46:44,85,1,1
2020-10-1515:46:45,85,1,1
2020-10-1515:46:46,85,1,1
2020-10-1515:46:47,84,1,1
2020-10-1515:46:48,84,1,1
2020-10-1515:46:49,83,1,1
2020-10-1515:46:50,83,1,1
2020-10-1515:46:50,,1,1
2020-10-1515:46:51,84,1,1
2020-10-1515:46:52,85,1,1
2020-10-1515:46:53,4,1,1
2020-10-1515:46:54,88,1,1
2020-10-1515:46:55,89,1,1
2020-10-1515:46:56,90,1,1
2020-10-1515:46:57,,1,1
2020-10-1515:46:58,94,1,1
2020-10-1515:46:59,93,1,1
2020-10-1515:47:00,,1,1
2020-10-1515:47:01,91,1,1
2020-10-1515:47:02,89,1,1
2020-10-1515:47:03,85,1,1
2020-10-1515:47:04,82,1,1
2020-10-1515:47:05,79,1,1
2020-10-1515:47:06,76,1,1
2020-10-1515:47:07,75,1,1
2020-10-1515:47:08,,1,1
2020-10-1515:47:09,75,1,1
2020-10-1515:47:10,75,1,1
2020-10-1515:47:11,,1,1
2020-10-1515:47:11,72,1,1
2020-10-1515:47:12,73,1,1
2020-10-1515:47:13,73,1,1
2020-10-1515:47:14,,1,1
2020-10-1515:47:15,,1,1
2020-10-1515:47:16,73,1,0
2020-10-1515:47:17,72,1,0
2020-10-1515:47:18,,1,0
2020-10-1515:47:19,65,1,0
2020-10-1515:47:20,4,1,0
2020-10-1515:47:21,56,1,0
2020-10-1515:47:22,49,0,0
2020-10-1515:47:23,40,0,0
2020-10-1515:47:24,31,0,0
2020-10-1515:47:25,22,0,0
2020-10-1515:47:26,1,0,0
2020-10-1515:47:27,15,0,0
2020-10-1515:47:28,12,0,0
2020-10-1515:47:29,,0,0
2020-10-1515:47:30,1,0,0
2020-10-1515:47:31,,0,0
2020-10-1515:47:32,0,0,0
2020-10-1515:47:32,6,0,0
2020-10-1515:47:33,,0,0
2020-10-1515:47:34,,0,0
2020-10-1515:47:35,,0,0
