2020-10-1514:39:00,8,0,0
2020-10-1514:39:01,8,0,0
2020-10-1514:39:02,8,0,0
2020-10-1514:39:03,8,0,0
2020-10-1514:39:04,8,0,0
2020-10-1514:39:05,8,0,0
2020-10-1514:39:06,8,0,0
2020-10-1514:39:07,8,0,0
2020-10-1514:39:08,8,0,0
2020-10-1514:39:09,8,0,0
2020-10-1514:39:10,,0,0
2020-10-1514:39:11,,0,0
2020-10-1514:39:12,10,0,0
2020-10-1514:39:13,,0,0
2020-10-1514:39:14,12,0,0
2020-10-1514:39:15,1,0,0
2020-10-1514:39:16,15,0,0
2020-10-1514:39:17,16,0,0
2020-10-1514:39:18,18,0,0
2020-10-1514:39:19,4,0,0
2020-10-1514:39:20,22,0,0
2020-10-1514:39:21,22,0,0
2020-10-1514:39:22,20,0,0
2020-10-1514:39:23,,0,0
2020-10-1514:39:24,3,0,0
2020-10-1514:39:25,3,0,0
2020-10-1514:39:26,,0,0
2020-10-1514:39:27,,0,0
2020-10-1514:39:28,8,0,0
2020-10-1514:39:29,6,0,0
2020-10-1514:39:30,10,0,0
2020-10-1514:39:31,8,0,0
2020-10-1514:39:32,4,0,0
2020-10-1514:39:33,,0,0
2020-10-1514:39:34,8,0,0
2020-10-1514:39:35,,0,0
2020-10-1514:39:36,8,0,0
2020-10-1514:39:37,8,0,0
2020-10-1514:39:38,,0,0
2020-10-1514:39:39,4,0,0
2020-10-1514:39:40,,0,0
2020-10-1514:39:41,,0,0
2020-10-1514:39:42,,0,0
2020-10-1514:39:43,15,0,0
2020-10-1514:39:44,15,0,0
2020-10-1514:39:45,,0,0
2020-10-1514:39:46,12,0,0
2020-10-1514:39:47,,0,0
2020-10-1514:39:48,,0,0
2020-10-1514:39:49,4,0,0
2020-10-1514:39:50,,0,0
2020-10-1514:39:51,1,0,0
2020-10-1514:39:52,8,0,0
2020-10-1514:39:53,8,0,0
2020-10-1514:39:54,8,0,0
2020-10-1514:39:55,8,0,0
2020-10-1514:39:56,8,0,0
2020-10-1514:39:57,8,0,0
2020-10-1514:39:58,8,0,0
2020-10-1514:39:59,8,0,0
2020-10-1514:40:00,8,0,0
2020-10-1514:40:01,8,0,0
2020-10-1514:40:02,8,0,0
2020-10-1514:40:03,,0,0
2020-10-1514:40:04,3,0,0
2020-10-1514:40:05,,0,0
2020-10-1514:40:06,,0,0
2020-10-1514:40:07,3,0,0
2020-10-1514:40:08,,0,0
2020-10-1514:40:09,6,0,0
2020-10-1514:40:10,6,0,0
2020-10-1514:40:11,,0,0
2020-10-1514:40:12,0,0,0
2020-10-1514:40:13,6,0,0
2020-10-1514:40:14,,0,0
2020-10-1514:40:15,,0,0
2020-10-1514:40:16,13,0,0
2020-10-1514:40:17,15,0,0
2020-10-1514:40:16,18,0,0
2020-10-1514:40:19,20,0,0
2020-10-1514:40:20,25,0,0
2020-10-1514:40:21,,0,0
2020-10-1514:40:22,37,0,0
2020-10-1514:40:23,45,0,0
2020-10-1514:40:24,7,0,0
2020-10-1514:40:25,,0,0
2020-10-1514:40:26,55,0,0
2020-10-1514:40:27,53,0,0
2020-10-1514:40:28,,0,0
2020-10-1514:40:29,,0,0
2020-10-1514:40:30,95,0,0
2020-10-1514:40:31,,0,0
2020-10-1514:40:32,,0,0
2020-10-1514:40:33,,0,0
2020-10-1514:40:34,60,0,0
2020-10-1514:40:35,61,1,0
2020-10-1514:40:36,,1,0
2020-10-1514:40:37,4,1,0
2020-10-1514:40:38,63,1,0
2020-10-1514:40:39,64,1,0
2020-10-1514:40:40,65,1,0
2020-10-1514:40:41,,1,0
2020-10-1514:40:42,67,1,1
2020-10-1514:40:43,65,1,1
2020-10-1514:40:44,64,1,1
2020-10-1514:40:45,63,1,1
2020-10-1514:40:46,63,1,1
2020-10-1514:40:47,64,1,1
2020-10-1514:40:48,65,1,1
2020-10-1514:40:49,66,1,1
2020-10-1514:40:50,67,1,1
2020-10-1514:40:51,67,1,1
2020-10-1514:40:52,68,1,1
2020-10-1514:40:53,69,1,1
2020-10-1514:40:54,70,1,1
2020-10-1514:40:55,,1,1
2020-10-1514:40:56,,1,1
2020-10-1514:40:57,70,1,1
2020-10-1514:40:58,70,1,1
2020-10-1514:40:59,69,1,1
2020-10-1514:41:00,68,1,1
2020-10-1514:41:01,67,1,1
2020-10-1514:41:02,67,1,1
2020-10-1514:41:03,66,1,0
2020-10-1514:41:04,65,1,0
2020-10-1514:41:05,65,1,0
2020-10-1514:41:06,66,1,0
2020-10-1514:41:07,66,1,0
2020-10-1514:41:08,68,1,0
2020-10-1514:41:09,70,1,0
2020-10-1514:41:10,73,1,0
2020-10-1514:41:11,,1,0
2020-10-1514:41:12,76,1,0
2020-10-1514:41:13,,1,0
2020-10-1514:41:14,,1,0
2020-10-1514:41:15,,1,0
2020-10-1514:41:16,77,1,0
2020-10-1514:41:17,76,1,0
2020-10-1514:41:18,,1,0
2020-10-1514:41:19,,1,0
2020-10-1514:41:20,,1,1
2020-10-1514:41:21,69,1,1
2020-10-1514:41:22,67,1,1
2020-10-1514:41:23,66,1,0
2020-10-1514:41:24,65,0,0
2020-10-1514:41:25,63,0,0
2020-10-1514:41:26,61,0,0
2020-10-1514:41:27,4,0,0
2020-10-1514:41:28,4,0,0
2020-10-1514:41:29,4,0,0
2020-10-1514:41:30,,0,0
2020-10-1514:41:31,,0,0
2020-10-1514:41:32,4,0,0
2020-10-1514:41:33,60,0,0
2020-10-1514:41:34,60,0,0
2020-10-1514:41:35,,0,0
2020-10-1514:41:36,55,0,0
2020-10-1514:41:37,21,0,0
2020-10-1514:41:38,51,0,0
2020-10-1514:41:39,51,0,0
2020-10-1514:41:40,53,0,0
2020-10-1514:41:41,,0,0
2020-10-1514:41:42,56,0,0
2020-10-1514:41:43,,0,0
2020-10-1514:41:44,67,0,0
2020-10-1514:41:45,63,1,1
2020-10-1514:41:46,65,0,1
2020-10-1514:41:47,66,1,0
2020-10-1514:41:46,66,1,0
2020-10-1514:41:49,65,1,1
2020-10-1514:41:50,64,1,1
2020-10-1514:41:51,62,1,1
2020-10-1514:41:52,61,1,1
2020-10-1514:41:53,,1,1
2020-10-1514:41:54,95,1,0
2020-10-1514:41:55,,0,0
2020-10-1514:41:56,,0,0
2020-10-1514:41:57,48,0,0
2020-10-1514:41:58,,0,0
2020-10-1514:41:59,,0,0
2020-10-1514:42:00,,0,0
2020-10-1514:42:01,46,0,0
2020-10-1514:42:02,45,0,0
2020-10-1514:42:03,46,0,0
2020-10-1514:42:04,47,0,0
2020-10-1514:42:05,,0,0
2020-10-1514:42:06,49,0,0
2020-10-1514:42:07,49,0,0
2020-10-1514:42:08,90,0,0
2020-10-1514:42:09,4,0,0
2020-10-1514:42:10,,0,0
2020-10-1514:42:11,4,0,0
2020-10-1514:42:12,50,0,0
2020-10-1514:42:13,50,0,0
2020-10-1514:42:14,7,0,0
2020-10-1514:42:15,,0,0
2020-10-1514:42:16,90,0,0
2020-10-1514:42:17,49,0,0
2020-10-1514:42:18,,0,0
2020-10-1514:42:19,,0,0
2020-10-1514:42:20,,0,0
2020-10-1514:42:21,,0,0
2020-10-1514:42:22,50,0,0
2020-10-1514:42:23,50,0,0
2020-10-1514:42:24,10,0,0
2020-10-1514:42:25,50,0,0
2020-10-1514:42:26,50,0,0
2020-10-1514:42:27,50,0,0
2020-10-1514:42:28,49,0,0
2020-10-1514:42:29,47,0,0
2020-10-1514:42:30,,0,0
2020-10-1514:42:31,4,0,0
2020-10-1514:42:32,,0,0
2020-10-1514:42:33,,0,0
2020-10-1514:42:34,76,0,0
2020-10-1514:42:35,,0,0
2020-10-1514:42:36,36,0,0
2020-10-1514:42:37,,0,0
2020-10-1514:42:38,27,0,0
2020-10-1514:42:39,20,0,0
2020-10-1514:42:40,16,0,0
2020-10-1514:42:41,15,0,0
2020-10-1514:42:42,16,0,0
2020-10-1514:42:43,16,0,0
2020-10-1514:42:44,,0,0
2020-10-1514:42:45,,0,0
2020-10-1514:42:46,8,0,0
2020-10-1514:42:47,8,0,0
2020-10-1514:42:48,8,0,0
2020-10-1514:42:49,8,0,0
2020-10-1514:42:50,8,0,0
2020-10-1514:42:51,9,0,0
2020-10-1514:42:52,8,0,0
2020-10-1514:42:53,8,0,0
2020-10-1514:42:54,,0,0
2020-10-1514:42:55,,0,0
2020-10-1514:42:56,0,0,0
2020-10-1514:42:57,8,0,0
2020-10-1514:42:58,8,0,0
2020-10-1514:42:59,0,0,0
2020-10-1514:43:00,8,0,0
2020-10-1514:43:01,8,0,0
2020-10-1514:43:02,8,0,0
2020-10-1514:43:03,8,0,0
2020-10-1514:43:04,0,0,0
2020-10-1514:43:05,,0,0
2020-10-1514:43:06,8,0,0
2020-10-1514:43:07,8,0,0
2020-10-1514:43:08,8,0,0
2020-10-1514:43:09,8,0,0
2020-10-1514:43:10,8,0,0
2020-10-1514:43:11,8,0,0
2020-10-1514:43:12,9,0,0
2020-10-1514:43:13,8,0,0
2020-10-1514:43:14,,0,0
2020-10-1514:43:15,8,0,0
2020-10-1514:43:16,9,0,0
2020-10-1514:43:17,9,0,0
2020-10-1514:43:18,8,0,0
2020-10-1514:43:19,8,0,0
2020-10-1514:43:20,8,0,0
2020-10-1514:43:21,9,0,0
2020-10-1514:43:22,8,0,0
2020-10-1514:43:23,8,0,0
2020-10-1514:43:24,1,0,0
2020-10-1514:43:25,,0,0
2020-10-1514:43:26,,0,0
2020-10-1514:43:27,22,0,0
2020-10-1514:43:28,28,0,0
2020-10-1514:43:29,32,0,0
2020-10-1514:43:30,36,0,0
2020-10-1514:43:31,,0,0
2020-10-1514:43:32,40,0,0
2020-10-1514:43:33,,0,0
2020-10-1514:43:34,41,0,0
2020-10-1514:43:35,,0,0
2020-10-1514:43:36,78,0,0
2020-10-1514:43:37,,0,0
2020-10-1514:43:38,38,0,0
2020-10-1514:43:39,35,0,0
2020-10-1514:43:40,32,0,0
2020-10-1514:43:41,,0,0
2020-10-1514:43:42,27,0,0
2020-10-1514:43:43,,0,0
2020-10-1514:43:44,23,0,0
2020-10-1514:43:45,20,0,0
2020-10-1514:43:46,4,0,0
2020-10-1514:43:47,16,0,0
2020-10-1514:43:48,16,0,0
2020-10-1514:43:49,4,0,0
2020-10-1514:43:50,,0,0
2020-10-1514:43:51,,0,0
2020-10-1514:43:52,27,0,0
2020-10-1514:43:53,28,0,0
2020-10-1514:43:54,,0,0
2020-10-1514:43:55,28,0,0
2020-10-1514:43:56,27,0,0
2020-10-1514:43:57,25,0,0
2020-10-1514:43:58,20,0,0
2020-10-1514:43:59,,0,0
2020-10-1514:44:00,,0,0
2020-10-1514:44:01,16,0,0
2020-10-1514:44:02,,0,0
2020-10-1514:44:03,,0,0
2020-10-1514:44:04,,0,0
2020-10-1514:44:05,,0,0
2020-10-1514:44:06,,0,0
2020-10-1514:44:07,19,0,0
2020-10-1514:44:08,7,0,0
2020-10-1514:44:09,7,0,0
2020-10-1514:44:10,,0,0
2020-10-1514:44:11,,0,0
2020-10-1514:44:12,20,0,0
2020-10-1514:44:13,23,0,0
2020-10-1514:44:14,25,0,0
2020-10-1514:44:15,25,0,0
2020-10-1514:44:16,26,0,0
2020-10-1514:44:17,28,0,0
2020-10-1514:44:18,,0,0
2020-10-1514:44:19,,0,0
2020-10-1514:44:20,36,0,0
2020-10-1514:44:21,37,0,0
2020-10-1514:44:22,38,0,0
2020-10-1514:44:23,,0,0
2020-10-1514:44:24,40,0,0
2020-10-1514:44:25,42,0,0
2020-10-1514:44:26,44,0,0
2020-10-1514:44:27,45,0,0
2020-10-1514:44:28,47,0,0
2020-10-1514:44:29,47,0,0
2020-10-1514:44:30,,0,0
2020-10-1514:44:31,,0,0
2020-10-1514:44:32,46,0,0
2020-10-1514:44:33,,0,0
2020-10-1514:44:34,45,0,0
2020-10-1514:44:35,46,0,0
2020-10-1514:44:36,47,0,0
2020-10-1514:44:37,45,0,0
2020-10-1514:44:38,,0,0
2020-10-1514:44:39,40,0,0
2020-10-1514:44:40,38,0,0
2020-10-1514:44:41,36,0,0
2020-10-1514:44:42,,0,0
2020-10-1514:44:43,33,0,0
2020-10-1514:44:44,32,0,0
2020-10-1514:44:45,,0,0
2020-10-1514:44:46,37,0,0
2020-10-1514:44:47,,0,0
2020-10-1514:44:48,45,0,0
2020-10-1514:44:49,,0,0
2020-10-1514:44:50,,0,0
2020-10-1514:44:51,,0,0
2020-10-1514:44:52,96,0,0
2020-10-1514:44:53,,0,0
2020-10-1514:44:54,60,1,0
2020-10-1514:44:55,04,1,1
2020-10-1514:44:56,65,1,1
2020-10-1514:44:57,69,1,1
2020-10-1514:44:58,,1,1
2020-10-1514:44:59,4,1,1
2020-10-1514:45:00,71,1,1
2020-10-1514:45:01,,1,1
2020-10-1514:45:02,4,1,1
2020-10-1514:45:03,,1,1
2020-10-1514:45:04,69,1,1
2020-10-1514:45:05,67,1,1
2020-10-1514:45:06,66,1,1
2020-10-1514:45:07,63,1,1
2020-10-1514:45:08,60,1,0
2020-10-1514:45:09,96,1,1
2020-10-1514:45:10,,0,0
2020-10-1514:45:11,,0,0
2020-10-1514:45:12,,0,0
2020-10-1514:45:13,95,0,0
2020-10-1514:45:14,56,0,0
2020-10-1514:45:15,,0,0
2020-10-1514:45:16,57,0,0
