2020-10-1515:21:58,,0,0
2020-10-1515:21:59,4,0,0
2020-10-1515:22:00,2,0,0
2020-10-1515:22:01,92,0,0
2020-10-1515:22:02,92,0,0
2020-10-1515:22:03,4,0,0
2020-10-1515:22:04,53,0,0
2020-10-1515:22:05,53,0,0
2020-10-1515:22:06,,0,0
2020-10-1515:22:07,56,0,0
2020-10-1515:22:08,,0,0
2020-10-1515:22:09,60,0,0
2020-10-1515:22:10,61,0,0
2020-10-1515:22:11,62,0,0
2020-10-1515:22:12,63,0,0
2020-10-1515:22:13,64,0,0
2020-10-1515:22:14,,0,0
2020-10-1515:22:15,65,0,0
2020-10-1515:22:16,65,0,0
2020-10-1515:22:17,66,0,0
2020-10-1515:22:18,66,0,0
2020-10-1515:22:19,,0,0
2020-10-1515:22:20,69,0,0
2020-10-1515:22:21,70,0,0
2020-10-1515:22:22,71,0,0
2020-10-1515:22:23,71,0,0
2020-10-1515:22:24,72,0,0
2020-10-1515:22:25,,0,0
2020-10-1515:22:26,76,0,0
2020-10-1515:22:27,79,1,0
2020-10-1515:22:28,,1,0
2020-10-1515:22:29,,1,0
2020-10-1515:22:30,86,1,0
2020-10-1515:22:31,,0,0
2020-10-1515:22:32,48,0,0
2020-10-1515:22:33,,0,0
2020-10-1515:22:34,,0,1
2020-10-1515:22:35,,0,1
2020-10-1515:22:36,,0,1
2020-10-1515:22:37,101,0,1
2020-10-1515:22:38,,0,1
2020-10-1515:22:39,108,0,1
2020-10-1515:22:40,108,0,1
2020-10-1515:22:41,110,0,1
2020-10-1515:22:42,112,0,1
2020-10-1515:22:43,112,0,1
2020-10-1515:22:44,111,0,1
2020-10-1515:22:45,110,0,1
2020-10-1515:22:46,110,0,1
2020-10-1515:22:47,,0,1
2020-10-1515:22:48,170,0,1
2020-10-1515:22:49,110,0,1
2020-10-1515:22:50,170,0,1
2020-10-1515:22:51,170,0,1
2020-10-1515:22:52,8,0,1
2020-10-1515:22:53,110,0,1
2020-10-1515:22:54,,0,1
2020-10-1515:22:55,170,0,1
2020-10-1515:22:56,,0,1
2020-10-1515:22:57,110,0,1
2020-10-1515:22:58,8,0,1
2020-10-1515:22:59,8,0,1
2020-10-1515:23:00,109,0,1
2020-10-1515:23:01,109,0,1
2020-10-1515:23:02,108,0,1
2020-10-1515:23:03,107,0,1
2020-10-1515:23:04,106,0,1
2020-10-1515:23:05,105,0,1
2020-10-1515:23:06,105,0,1
2020-10-1515:23:07,104,0,0
2020-10-1515:23:08,104,0,0
2020-10-1515:23:09,104,0,0
2020-10-1515:23:10,104,0,0
2020-10-1515:23:11,103,0,0
2020-10-1515:23:12,1,0,0
2020-10-1515:23:13,104,0,0
2020-10-1515:23:14,106,0,0
2020-10-1515:23:15,107,0,0
2020-10-1515:23:16,108,0,0
2020-10-1515:23:17,108,0,1
2020-10-1515:23:18,109,0,1
2020-10-1515:23:19,109,0,1
2020-10-1515:23:20,,0,1
2020-10-1515:23:21,110,0,1
2020-10-1515:23:22,110,0,1
2020-10-1515:23:23,,0,1
2020-10-1515:23:25,110,0,1
2020-10-1515:23:26,8,0,1
2020-10-1515:23:27,110,0,1
2020-10-1515:23:28,110,0,1
2020-10-1515:23:29,110,0,1
2020-10-1515:23:30,110,0,1
2020-10-1515:23:31,110,0,1
2020-10-1515:23:32,,0,1
2020-10-1515:23:33,110,0,1
2020-10-1515:23:34,,0,1
2020-10-1515:23:35,,0,1
2020-10-1515:23:36,,0,1
2020-10-1515:23:37,,0,1
2020-10-1515:23:37,110,0,1
2020-10-1515:23:39,,0,1
2020-10-1515:23:39,110,0,1
2020-10-1515:23:41,,0,1
2020-10-1515:23:42,,0,1
2020-10-1515:23:43,110,0,1
2020-10-1515:23:44,110,0,1
2020-10-1515:23:45,110,0,1
2020-10-1515:23:45,8,0,1
2020-10-1515:23:47,,0,1
2020-10-1515:23:46,110,0,1
2020-10-1515:23:49,110,0,1
2020-10-1515:23:50,,0,1
2020-10-1515:23:51,,0,1
2020-10-1515:23:52,,0,1
2020-10-1515:23:52,110,0,1
2020-10-1515:23:54,110,0,1
2020-10-1515:23:55,110,0,1
2020-10-1515:23:56,170,0,1
2020-10-1515:23:57,111,0,1
2020-10-1515:23:58,110,0,1
2020-10-1515:23:59,110,0,1
2020-10-1515:24:00,109,0,1
2020-10-1515:24:01,108,0,1
2020-10-1515:24:02,,0,1
2020-10-1515:24:02,106,0,1
2020-10-1515:24:04,105,0,1
2020-10-1515:24:05,104,0,1
2020-10-1515:24:05,102,0,1
2020-10-1515:24:07,100,0,1
2020-10-1515:24:08,99,0,1
2020-10-1515:24:09,,0,1
2020-10-1515:24:10,0,0,1
2020-10-1515:24:11,,0,1
2020-10-1515:24:11,,0,1
2020-10-1515:24:13,,0,1
2020-10-1515:24:14,48,0,1
2020-10-1515:24:15,88,0,1
2020-10-1515:24:16,,0,1
2020-10-1515:24:17,4,0,1
2020-10-1515:24:17,87,0,1
2020-10-1515:24:19,86,0,1
2020-10-1515:24:20,86,0,1
2020-10-1515:24:21,86,0,1
2020-10-1515:24:22,4,0,1
2020-10-1515:24:23,87,0,1
2020-10-1515:24:24,86,0,1
2020-10-1515:24:25,86,0,1
2020-10-1515:24:26,86,0,1
2020-10-1515:24:27,4,0,1
2020-10-1515:24:28,87,0,1
2020-10-1515:24:28,87,0,1
2020-10-1515:24:30,87,0,1
2020-10-1515:24:31,88,0,1
2020-10-1515:24:31,88,0,1
2020-10-1515:24:32,88,0,1
2020-10-1515:24:33,88,0,1
2020-10-1515:24:34,88,0,1
2020-10-1515:24:35,,0,1
2020-10-1515:24:36,88,0,1
2020-10-1515:24:37,,0,1
2020-10-1515:24:38,88,0,1
2020-10-1515:24:39,89,0,1
2020-10-1515:24:40,89,0,1
2020-10-1515:24:41,89,0,1
2020-10-1515:24:42,89,0,1
2020-10-1515:24:43,89,0,1
2020-10-1515:24:44,4,0,1
2020-10-1515:24:45,,0,1
2020-10-1515:24:46,4,0,1
2020-10-1515:24:48,,0,1
2020-10-1515:24:49,,0,1
2020-10-1515:24:50,89,0,1
2020-10-1515:24:51,89,0,1
2020-10-1515:24:52,4,0,1
2020-10-1515:24:53,89,0,1
2020-10-1515:24:54,,0,1
2020-10-1515:24:55,,0,1
2020-10-1515:24:56,88,0,1
2020-10-1515:24:57,5,0,1
2020-10-1515:24:58,88,0,1
2020-10-1515:24:59,,0,1
2020-10-1515:25:00,87,0,1
2020-10-1515:25:01,87,0,1
2020-10-1515:25:02,86,0,1
2020-10-1515:25:03,86,0,1
2020-10-1515:25:04,86,0,1
2020-10-1515:25:05,86,0,1
2020-10-1515:25:06,86,0,1
2020-10-1515:25:07,86,0,1
2020-10-1515:25:08,86,0,1
2020-10-1515:25:09,86,0,1
2020-10-1515:25:10,85,0,1
2020-10-1515:25:11,85,0,1
2020-10-1515:25:12,85,0,1
2020-10-1515:25:13,85,0,1
2020-10-1515:25:14,85,0,1
2020-10-1515:25:15,85,0,1
2020-10-1515:25:16,85,0,1
2020-10-1515:25:17,85,0,1
2020-10-1515:25:18,85,0,1
2020-10-1515:25:19,85,0,1
2020-10-1515:25:20,85,0,1
2020-10-1515:25:21,85,0,1
2020-10-1515:25:22,86,0,1
2020-10-1515:25:23,86,0,1
2020-10-1515:25:24,86,0,1
2020-10-1515:25:25,86,0,1
2020-10-1515:25:26,86,0,1
2020-10-1515:25:27,86,0,1
2020-10-1515:25:28,86,0,1
2020-10-1515:25:29,4,0,1
2020-10-1515:25:30,87,0,1
2020-10-1515:25:31,,0,1
2020-10-1515:25:32,88,0,1
2020-10-1515:25:33,,0,1
2020-10-1515:25:34,,0,1
2020-10-1515:25:35,48,0,1
2020-10-1515:25:36,90,0,1
2020-10-1515:25:37,48,0,1
2020-10-1515:25:38,89,0,1
2020-10-1515:25:39,89,0,1
2020-10-1515:25:40,4,0,1
2020-10-1515:25:41,88,0,1
2020-10-1515:25:42,88,0,1
2020-10-1515:25:43,88,0,1
2020-10-1515:25:44,,0,1
2020-10-1515:25:45,4,0,1
2020-10-1515:25:46,4,0,1
2020-10-1515:25:47,4,0,1
2020-10-1515:25:48,87,0,1
2020-10-1515:25:49,87,0,1
2020-10-1515:25:50,87,0,1
2020-10-1515:25:51,87,0,1
2020-10-1515:25:52,87,0,1
2020-10-1515:25:53,87,0,1
2020-10-1515:25:54,87,0,1
2020-10-1515:25:55,4,0,1
2020-10-1515:25:55,,0,1
2020-10-1515:25:57,,0,1
2020-10-1515:25:58,87,0,1
2020-10-1515:25:59,87,0,1
2020-10-1515:26:00,,0,1
2020-10-1515:26:01,,0,1
2020-10-1515:26:02,88,0,1
2020-10-1515:26:03,,0,1
2020-10-1515:26:04,,0,1
2020-10-1515:26:05,,0,1
2020-10-1515:26:06,48,0,1
2020-10-1515:26:07,8,0,1
2020-10-1515:26:08,48,0,1
2020-10-1515:26:09,40,0,1
2020-10-1515:26:10,48,0,1
2020-10-1515:26:11,90,0,1
2020-10-1515:26:12,8,0,1
2020-10-1515:26:13,48,0,1
2020-10-1515:26:14,8,0,1
2020-10-1515:26:15,8,0,1
2020-10-1515:26:16,48,0,1
2020-10-1515:26:17,90,0,1
2020-10-1515:26:18,90,0,1
2020-10-1515:26:19,89,0,1
2020-10-1515:26:20,,0,1
2020-10-1515:26:21,89,0,1
2020-10-1515:26:22,,0,1
2020-10-1515:26:23,,0,1
2020-10-1515:26:24,87,0,1
2020-10-1515:26:25,87,0,1
2020-10-1515:26:26,87,0,1
2020-10-1515:26:27,86,0,1
2020-10-1515:26:28,,0,1
2020-10-1515:26:29,86,0,1
2020-10-1515:26:30,86,0,1
2020-10-1515:26:31,86,0,1
2020-10-1515:26:32,,0,1
2020-10-1515:26:33,86,0,1
2020-10-1515:26:34,86,0,1
2020-10-1515:26:35,,0,1
2020-10-1515:26:36,85,0,1
2020-10-1515:26:37,83,0,1
2020-10-1515:26:38,,0,1
2020-10-1515:26:39,78,0,1
2020-10-1515:26:39,77,0,1
2020-10-1515:26:40,77,0,1
2020-10-1515:26:41,77,0,1
2020-10-1515:26:42,,0,1
2020-10-1515:26:43,77,0,1
2020-10-1515:26:44,77,0,1
2020-10-1515:26:45,78,0,1
2020-10-1515:26:46,78,0,1
2020-10-1515:26:47,78,0,1
2020-10-1515:26:48,78,0,1
2020-10-1515:26:50,78,0,1
2020-10-1515:26:51,79,0,1
2020-10-1515:26:52,79,0,1
2020-10-1515:26:53,78,0,1
2020-10-1515:26:54,78,0,1
2020-10-1515:26:55,78,0,1
2020-10-1515:26:56,,0,1
2020-10-1515:26:57,,0,1
2020-10-1515:26:58,77,0,1
2020-10-1515:26:59,,0,1
2020-10-1515:27:00,77,0,1
2020-10-1515:27:01,,0,1
2020-10-1515:27:02,76,0,1
2020-10-1515:27:03,76,0,1
2020-10-1515:27:04,76,0,1
2020-10-1515:27:05,76,0,1
2020-10-1515:27:06,76,0,1
2020-10-1515:27:07,76,0,1
2020-10-1515:27:08,75,0,1
2020-10-1515:27:09,79,0,1
2020-10-1515:27:10,,0,1
2020-10-1515:27:11,,0,1
2020-10-1515:27:12,,0,1
2020-10-1515:27:13,,0,1
2020-10-1515:27:14,,0,1
2020-10-1515:27:15,72,0,1
2020-10-1515:27:16,,0,1
2020-10-1515:27:17,72,0,1
2020-10-1515:27:18,72,0,1
2020-10-1515:27:19,,0,1
2020-10-1515:27:20,,0,1
2020-10-1515:27:21,73,0,1
2020-10-1515:27:22,,0,1
2020-10-1515:27:23,73,0,1
2020-10-1515:27:24,,0,1
2020-10-1515:27:25,73,0,1
2020-10-1515:27:26,,0,1
2020-10-1515:27:27,72,0,1
2020-10-1515:27:28,,0,1
2020-10-1515:27:28,,0,1
2020-10-1515:27:30,40,0,1
2020-10-1515:27:31,70,0,1
2020-10-1515:27:32,0,0,1
2020-10-1515:27:33,40,0,1
2020-10-1515:27:34,40,0,1
2020-10-1515:27:35,0,0,1
2020-10-1515:27:36,40,0,1
2020-10-1515:27:37,48,0,1
2020-10-1515:27:38,48,0,1
2020-10-1515:27:39,40,0,1
2020-10-1515:27:40,4,0,1
2020-10-1515:27:41,0,0,1
2020-10-1515:27:42,70,0,1
2020-10-1515:27:43,70,0,1
2020-10-1515:27:44,70,0,1
2020-10-1515:27:45,40,0,1
2020-10-1515:27:46,70,0,1
2020-10-1515:27:47,70,0,1
2020-10-1515:27:48,40,0,1
2020-10-1515:27:49,48,0,1
2020-10-1515:27:50,40,0,1
2020-10-1515:27:51,40,0,1
2020-10-1515:27:52,48,0,1
