2020-10-1515:05:37,90,0,1
2020-10-1515:05:38,89,0,1
2020-10-1515:05:39,90,0,1
2020-10-1515:05:40,90,0,1
2020-10-1515:05:41,,0,1
2020-10-1515:05:42,92,0,1
2020-10-1515:05:43,93,0,1
2020-10-1515:05:44,,0,1
2020-10-1515:05:45,94,0,1
2020-10-1515:05:46,,0,1
2020-10-1515:05:47,,0,1
2020-10-1515:05:46,5,0,1
2020-10-1515:05:49,,0,1
2020-10-1515:05:50,5,0,1
2020-10-1515:05:51,95,0,1
2020-10-1515:05:52,,0,1
2020-10-1515:05:53,5,0,1
2020-10-1515:05:54,50,0,1
2020-10-1515:05:55,95,0,1
2020-10-1515:05:56,4,0,1
2020-10-1515:05:57,,0,1
2020-10-1515:05:58,,0,1
2020-10-1515:05:59,98,0,1
2020-10-1515:06:00,98,0,1
2020-10-1515:06:01,99,0,1
2020-10-1515:06:02,100,0,1
2020-10-1515:06:03,101,0,1
2020-10-1515:06:04,102,0,1
2020-10-1515:06:05,102,0,1
2020-10-1515:06:06,,0,1
2020-10-1515:06:07,103,0,1
2020-10-1515:06:08,102,0,1
2020-10-1515:06:09,101,0,1
2020-10-1515:06:10,101,0,1
2020-10-1515:06:11,101,0,1
2020-10-1515:06:12,100,0,1
2020-10-1515:06:13,100,0,1
2020-10-1515:06:14,100,0,1
2020-10-1515:06:15,100,0,1
2020-10-1515:06:16,100,0,1
2020-10-1515:06:17,100,0,1
2020-10-1515:06:18,100,0,1
2020-10-1515:06:19,100,0,1
2020-10-1515:06:20,100,0,1
2020-10-1515:06:21,100,0,1
2020-10-1515:06:22,100,0,1
2020-10-1515:06:23,100,0,1
2020-10-1515:06:24,100,0,1
2020-10-1515:06:25,100,0,1
2020-10-1515:06:26,100,0,1
2020-10-1515:06:27,100,0,1
2020-10-1515:06:28,100,0,1
2020-10-1515:06:29,100,0,1
2020-10-1515:06:30,100,0,1
2020-10-1515:06:31,99,0,1
2020-10-1515:06:32,99,0,1
2020-10-1515:06:33,,0,1
2020-10-1515:06:34,99,0,1
2020-10-1515:06:35,,0,1
2020-10-1515:06:36,99,0,1
2020-10-1515:06:37,,0,1
2020-10-1515:06:38,100,0,1
2020-10-1515:06:39,100,0,1
2020-10-1515:06:40,100,0,1
2020-10-1515:06:41,100,0,1
2020-10-1515:06:42,100,0,1
2020-10-1515:06:43,100,0,1
2020-10-1515:06:44,101,0,1
2020-10-1515:06:45,101,0,1
2020-10-1515:06:46,102,0,1
2020-10-1515:06:47,102,0,1
2020-10-1515:06:48,102,0,1
2020-10-1515:06:49,102,0,1
2020-10-1515:06:50,102,0,1
2020-10-1515:06:51,101,0,1
2020-10-1515:06:52,101,0,1
2020-10-1515:06:53,100,0,1
2020-10-1515:06:54,100,0,1
2020-10-1515:06:55,100,0,1
2020-10-1515:06:56,99,0,1
2020-10-1515:06:57,99,0,1
2020-10-1515:06:58,98,0,1
2020-10-1515:06:59,3,0,1
2020-10-1515:07:00,98,0,1
2020-10-1515:07:01,98,0,1
2020-10-1515:07:02,,0,1
2020-10-1515:07:03,,0,1
2020-10-1515:07:04,98,0,1
2020-10-1515:07:05,,0,1
2020-10-1515:07:06,,0,1
2020-10-1515:07:07,99,0,1
2020-10-1515:07:08,,0,1
2020-10-1515:07:09,100,0,1
2020-10-1515:07:10,102,0,1
2020-10-1515:07:11,103,0,1
2020-10-1515:07:12,104,0,1
2020-10-1515:07:13,105,0,1
2020-10-1515:07:14,106,0,1
2020-10-1515:07:15,107,0,1
2020-10-1515:07:16,108,0,1
2020-10-1515:07:17,108,0,1
2020-10-1515:07:18,108,0,1
2020-10-1515:07:19,,0,1
2020-10-1515:07:20,,0,1
2020-10-1515:07:21,,0,1
2020-10-1515:07:22,,0,1
2020-10-1515:07:23,,0,1
2020-10-1515:07:24,,0,0
2020-10-1515:07:25,,0,0
2020-10-1515:07:26,,0,0
2020-10-1515:07:27,,0,0
2020-10-1515:07:28,106,0,0
2020-10-1515:07:29,107,0,1
2020-10-1515:07:30,107,0,1
2020-10-1515:07:31,108,0,1
2020-10-1515:07:32,108,0,1
2020-10-1515:07:33,108,0,1
2020-10-1515:07:34,107,0,1
2020-10-1515:07:35,107,0,1
2020-10-1515:07:36,107,0,1
2020-10-1515:07:37,107,0,1
2020-10-1515:07:38,107,0,1
2020-10-1515:07:39,107,0,1
2020-10-1515:07:40,107,0,1
2020-10-1515:07:41,108,0,1
2020-10-1515:07:42,108,0,1
2020-10-1515:07:43,107,0,1
2020-10-1515:07:44,107,0,1
2020-10-1515:07:45,107,0,1
2020-10-1515:07:46,108,0,1
2020-10-1515:07:47,109,0,1
2020-10-1515:07:48,109,0,1
2020-10-1515:07:49,109,0,1
2020-10-1515:07:50,,0,1
2020-10-1515:07:51,109,0,1
2020-10-1515:07:52,108,0,1
2020-10-1515:07:53,105,0,1
2020-10-1515:07:54,,0,1
2020-10-1515:07:55,101,0,1
2020-10-1515:07:56,101,0,1
2020-10-1515:07:57,1017,0,1
2020-10-1515:07:58,103,0,1
2020-10-1515:07:59,103,0,1
2020-10-1515:08:00,104,0,1
2020-10-1515:08:01,105,0,1
2020-10-1515:08:02,105,0,1
2020-10-1515:08:03,104,0,1
2020-10-1515:08:04,102,0,1
2020-10-1515:08:05,98,0,1
2020-10-1515:08:06,,0,1
2020-10-1515:08:07,,0,1
2020-10-1515:08:08,101,0,1
2020-10-1515:08:09,104,0,1
2020-10-1515:08:10,105,0,1
2020-10-1515:08:11,107,0,1
2020-10-1515:08:12,108,0,1
2020-10-1515:08:13,108,0,1
2020-10-1515:08:14,109,0,1
2020-10-1515:08:15,109,0,1
2020-10-1515:08:16,110,0,1
2020-10-1515:08:17,110,0,1
2020-10-1515:08:18,110,0,1
2020-10-1515:08:19,110,0,1
2020-10-1515:08:20,110,0,1
2020-10-1515:08:21,,0,1
2020-10-1515:08:22,110,0,1
2020-10-1515:08:23,110,0,1
2020-10-1515:08:24,110,0,1
2020-10-1515:08:25,110,0,1
,110,0,1
2020-10-1515:08:27,110,0,1
2020-10-1515:08:28,110,0,1
2020-10-1515:08:29,110,0,1
2020-10-1515:08:30,110,0,1
2020-10-1515:08:31,110,0,1
2020-10-1515:08:32,110,0,1
2020-10-1515:08:33,110,0,1
2020-10-1515:08:34,110,0,1
2020-10-1515:08:35,110,0,1
2020-10-1515:08:36,110,0,1
2020-10-1515:08:37,110,0,1
2020-10-1515:08:38,110,0,1
2020-10-1515:08:39,108,0,1
2020-10-1515:08:40,107,0,1
2020-10-1515:08:41,106,0,1
2020-10-1515:08:42,105,0,1
2020-10-1515:08:43,103,0,1
2020-10-1515:08:44,103,0,1
2020-10-1515:08:45,101,0,1
2020-10-1515:08:46,99,0,1
2020-10-1515:08:47,98,0,1
2020-10-1515:08:48,97,0,1
2020-10-1515:08:49,50,0,1
2020-10-1515:08:50,,0,1
2020-10-1515:08:51,94,0,1
2020-10-1515:08:52,,0,1
2020-10-1515:08:53,,0,1
2020-10-1515:08:54,98,0,1
2020-10-1515:08:55,100,0,1
2020-10-1515:08:56,103,0,1
2020-10-1515:08:57,106,0,1
2020-10-1515:08:58,107,0,1
2020-10-1515:08:59,108,0,1
2020-10-1515:09:00,109,0,1
2020-10-1515:09:01,109,0,1
2020-10-1515:09:02,110,0,1
2020-10-1515:09:03,110,0,1
2020-10-1515:09:04,110,0,1
,110,0,1
2020-10-1515:09:06,110,0,1
2020-10-1515:09:07,110,0,1
2020-10-1515:09:08,,0,1
2020-10-1515:09:09,110,0,1
2020-10-1515:09:10,110,0,1
2020-10-1515:09:11,110,0,1
2020-10-1515:09:12,111,0,1
2020-10-1515:09:13,110,0,1
2020-10-1515:09:14,,0,1
2020-10-1515:09:15,110,0,1
2020-10-1515:09:16,110,0,1
2020-10-1515:09:17,110,0,1
2020-10-1515:09:18,110,0,1
2020-10-1515:09:19,110,0,1
2020-10-1515:09:20,110,0,1
2020-10-1515:09:21,110,0,1
2020-10-1515:09:22,110,0,1
2020-10-1515:09:23,,0,1
2020-10-1515:09:24,,0,1
2020-10-1515:09:25,110,0,1
2020-10-1515:09:26,110,0,1
2020-10-1515:09:27,110,0,1
2020-10-1515:09:28,110,0,1
2020-10-1515:09:29,110,0,1
2020-10-1515:09:30,110,0,1
2020-10-1515:09:31,110,0,1
2020-10-1515:09:32,110,0,1
2020-10-1515:09:33,110,0,1
2020-10-1515:09:34,110,0,1
2020-10-1515:09:35,110,0,1
2020-10-1515:09:36,110,0,1
2020-10-1515:09:37,110,0,1
2020-10-1515:09:38,110,0,1
2020-10-1515:09:39,110,0,1
2020-10-1515:09:40,110,0,1
2020-10-1515:09:41,110,0,1
2020-10-1515:09:42,110,0,1
2020-10-1515:09:43,110,0,1
2020-10-1515:09:44,110,0,1
2020-10-1515:09:45,110,0,1
2020-10-1515:09:46,110,0,1
2020-10-1515:09:47,110,0,1
2020-10-1515:09:48,110,0,1
2020-10-1515:09:49,110,0,1
2020-10-1515:09:50,110,0,1
2020-10-1515:09:51,110,0,1
2020-10-1515:09:52,110,0,1
2020-10-1515:09:53,110,0,1
2020-10-1515:09:54,110,0,1
2020-10-1515:09:55,110,0,1
2020-10-1515:09:56,110,0,1
2020-10-1515:09:57,110,0,1
2020-10-1515:09:58,110,0,1
2020-10-1515:09:59,110,0,1
2020-10-1515:10:00,110,0,1
2020-10-1515:10:01,110,0,1
2020-10-1515:10:02,110,0,1
2020-10-1515:10:03,110,0,1
2020-10-1515:10:04,110,0,1
2020-10-1515:10:05,110,0,1
2020-10-1515:10:06,110,0,1
2020-10-1515:10:07,110,0,1
2020-10-1515:10:08,110,0,1
2020-10-1515:10:09,110,0,1
2020-10-1515:10:10,110,0,1
2020-10-1515:10:11,110,0,1
2020-10-1515:10:12,110,0,1
2020-10-1515:10:13,110,0,1
2020-10-1515:10:14,110,0,1
2020-10-1515:10:15,110,0,1
2020-10-1515:10:16,110,0,1
2020-10-1515:10:17,110,0,1
2020-10-1515:10:18,110,0,1
2020-10-1515:10:19,110,0,1
2020-10-1515:10:20,110,0,1
2020-10-1515:10:21,110,0,1
2020-10-1515:10:22,110,0,1
2020-10-1515:10:23,110,0,1
2020-10-1515:10:24,110,0,1
2020-10-1515:10:25,110,0,1
2020-10-1515:10:26,110,0,1
2020-10-1515:10:27,110,0,1
2020-10-1515:10:28,110,0,1
2020-10-1515:10:29,110,0,1
2020-10-1515:10:30,,0,1
2020-10-1515:10:31,111,0,1
2020-10-1515:10:32,117,0,1
2020-10-1515:10:33,110,0,1
2020-10-1515:10:34,110,0,1
2020-10-1515:10:35,110,0,1
2020-10-1515:10:36,110,0,1
2020-10-1515:10:37,110,0,1
2020-10-1515:10:38,110,0,1
2020-10-1515:10:39,110,0,1
2020-10-1515:10:40,,0,1
2020-10-1515:10:41,,0,1
2020-10-1515:10:42,,0,1
2020-10-1515:10:43,110,0,1
2020-10-1515:10:44,,0,1
2020-10-1515:10:45,110,0,1
2020-10-1515:10:46,110,0,1
2020-10-1515:10:47,110,0,1
2020-10-1515:10:48,110,0,1
2020-10-1515:10:49,110,0,1
2020-10-1515:10:50,,0,1
2020-10-1515:10:51,110,0,1
2020-10-1515:10:52,110,0,1
2020-10-1515:10:53,110,0,1
2020-10-1515:10:54,110,0,1
2020-10-1515:10:55,110,0,1
2020-10-1515:10:56,110,0,1
2020-10-1515:10:57,110,0,1
2020-10-1515:10:58,110,0,1
2020-10-1515:10:59,110,0,1
2020-10-1515:11:00,110,0,1
2020-10-1515:11:01,110,0,1
2020-10-1515:11:02,110,0,1
2020-10-1515:11:03,110,0,1
2020-10-1515:11:04,110,0,1
2020-10-1515:11:05,110,0,1
2020-10-1515:11:06,111,0,1
2020-10-1515:11:07,110,0,1
2020-10-1515:11:08,110,0,1
2020-10-1515:11:09,110,0,1
2020-10-1515:11:10,110,0,1
2020-10-1515:11:11,110,0,1
2020-10-1515:11:12,110,0,1
2020-10-1515:11:13,110,0,1
2020-10-1515:11:14,110,0,1
2020-10-1515:11:15,110,0,1
2020-10-1515:11:16,110,0,1
2020-10-1515:11:17,110,0,1
2020-10-1515:11:18,110,0,1
2020-10-1515:11:19,110,0,1
2020-10-1515:11:20,108,0,1
2020-10-1515:11:21,106,0,1
2020-10-1515:11:22,105,0,1
2020-10-1515:11:23,103,0,1
2020-10-1515:11:24,101,0,1
2020-10-1515:11:25,,0,1
2020-10-1515:11:26,97,0,1
2020-10-1515:11:27,94,0,1
2020-10-1515:11:28,4,0,1
2020-10-1515:11:29,90,0,1
2020-10-1515:11:30,,0,1
2020-10-1515:11:31,85,0,1
2020-10-1515:11:32,,0,1
2020-10-1515:11:33,,0,1
2020-10-1515:11:34,80,0,1
2020-10-1515:11:35,79,0,1
2020-10-1515:11:36,,0,1
2020-10-1515:11:37,,0,1
2020-10-1515:11:38,79,0,1
2020-10-1515:11:39,80,0,1
2020-10-1515:11:40,80,0,1
2020-10-1515:11:41,80,0,1
2020-10-1515:11:42,,0,1
2020-10-1515:11:43,,0,1
2020-10-1515:11:44,81,0,1
2020-10-1515:11:45,82,0,1
2020-10-1515:11:46,82,0,1
2020-10-1515:11:47,83,0,1
2020-10-1515:11:48,83,0,1
2020-10-1515:11:49,84,0,1
2020-10-1515:11:50,,0,1
2020-10-1515:11:51,3,0,1
2020-10-1515:11:52,85,0,1
2020-10-1515:11:53,85,0,1
2020-10-1515:11:54,86,0,1
2020-10-1515:11:55,86,0,1
2020-10-1515:11:56,86,0,1
2020-10-1515:11:57,86,0,1
2020-10-1515:11:58,85,0,1
2020-10-1515:11:59,85,0,1
2020-10-1515:12:00,84,0,1
2020-10-1515:12:01,84,0,1
2020-10-1515:12:02,84,0,1
2020-10-1515:12:03,84,0,1
2020-10-1515:12:04,,0,1
2020-10-1515:12:05,,0,1
2020-10-1515:12:06,84,0,1
2020-10-1515:12:07,,0,1
2020-10-1515:12:08,84,0,1
2020-10-1515:12:09,84,0,1
2020-10-1515:12:10,,0,1
2020-10-1515:12:11,,0,1
2020-10-1515:12:12,84,0,1
2020-10-1515:12:13,85,0,1
2020-10-1515:12:14,85,0,1
2020-10-1515:12:15,86,0,1
2020-10-1515:12:16,86,0,1
2020-10-1515:12:17,86,0,1
2020-10-1515:12:18,,0,1
2020-10-1515:12:19,4,0,1
2020-10-1515:12:20,,0,1
2020-10-1515:12:21,88,0,1
2020-10-1515:12:22,88,0,1
2020-10-1515:12:23,,0,1
2020-10-1515:12:24,,0,1
2020-10-1515:12:25,,0,1
2020-10-1515:12:26,86,0,1
2020-10-1515:12:27,85,0,1
2020-10-1515:12:28,,0,1
2020-10-1515:12:29,,0,1
2020-10-1515:12:30,84,0,1
2020-10-1515:12:31,83,0,1
2020-10-1515:12:32,83,0,1
2020-10-1515:12:33,83,0,1
2020-10-1515:12:34,83,0,1
2020-10-1515:12:35,83,0,1
2020-10-1515:12:36,84,0,1
2020-10-1515:12:37,84,0,1
2020-10-1515:12:38,,0,1
2020-10-1515:12:39,,0,0
2020-10-1515:12:40,84,0,0
2020-10-1515:12:41,85,0,0
2020-10-1515:12:42,85,0,0
2020-10-1515:12:43,85,0,0
2020-10-1515:12:44,85,0,0
2020-10-1515:12:45,,0,0
2020-10-1515:12:46,86,0,0
2020-10-1515:12:47,,0,0
2020-10-1515:12:48,4,0,0
2020-10-1515:12:49,4,0,0
2020-10-1515:12:50,86,0,0
2020-10-1515:12:51,88,0,0
2020-10-1515:12:52,89,0,0
2020-10-1515:12:53,89,0,0
2020-10-1515:12:54,48,0,0
2020-10-1515:12:55,4,0,0
2020-10-1515:12:56,94,0,0
2020-10-1515:12:57,97,0,0
2020-10-1515:12:58,99,0,0
2020-10-1515:12:59,102,0,1
2020-10-1515:13:00,105,0,1
2020-10-1515:13:01,106,0,1
2020-10-1515:13:02,108,0,1
2020-10-1515:13:03,108,0,1
2020-10-1515:13:04,17,0,1
2020-10-1515:13:05,17,0,1
2020-10-1515:13:06,110,0,1
2020-10-1515:13:07,110,0,1
2020-10-1515:13:08,110,0,1
2020-10-1515:13:09,110,0,1
2020-10-1515:13:10,110,0,1
2020-10-1515:13:11,110,0,1
2020-10-1515:13:12,,0,1
2020-10-1515:13:13,110,0,1
2020-10-1515:13:14,111,0,1
2020-10-1515:13:15,2,0,1
2020-10-1515:13:16,115,0,1
2020-10-1515:13:17,,0,1
2020-10-1515:13:18,,0,1
2020-10-1515:13:19,2,0,1
2020-10-1515:13:20,,0,1
2020-10-1515:13:21,40,0,1
2020-10-1515:13:22,,0,1
2020-10-1515:13:23,,0,1
2020-10-1515:13:24,,0,1
2020-10-1515:13:25,136,0,1
2020-10-1515:13:26,,0,1
2020-10-1515:13:27,,0,1
2020-10-1515:13:28,,0,1
2020-10-1515:13:29,,0,1
2020-10-1515:13:30,,0,1
2020-10-1515:13:31,143,0,1
2020-10-1515:13:32,,0,1
2020-10-1515:13:33,146,0,1
2020-10-1515:13:34,148,0,1
2020-10-1515:13:35,,1,1
2020-10-1515:13:36,4,1,1
2020-10-1515:13:37,,1,1
2020-10-1515:13:38,,1,1
2020-10-1515:13:39,,1,1
2020-10-1515:13:40,150,1,1
2020-10-1515:13:41,,1,1
2020-10-1515:13:42,,1,1
2020-10-1515:13:43,,0,1
2020-10-1515:13:44,,0,1
2020-10-1515:13:45,,0,1
2020-10-1515:13:46,133,0,1
2020-10-1515:13:47,,0,1
2020-10-1515:13:48,128,0,1
2020-10-1515:13:49,40,0,1
2020-10-1515:13:50,,0,1
2020-10-1515:13:51,120,0,1
2020-10-1515:13:52,,0,1
2020-10-1515:13:53,116,0,1
2020-10-1515:13:54,,0,1
2020-10-1515:13:55,112,0,1
2020-10-1515:13:56,110,0,1
2020-10-1515:13:57,109,0,1
2020-10-1515:13:58,109,0,1
2020-10-1515:13:59,1,0,1
2020-10-1515:14:00,109,0,1
2020-10-1515:14:01,110,0,1
2020-10-1515:14:02,109,0,1
2020-10-1515:14:03,1,0,1
2020-10-1515:14:04,109,0,1
2020-10-1515:14:05,109,0,1
2020-10-1515:14:06,109,0,1
2020-10-1515:14:07,109,0,1
2020-10-1515:14:08,110,0,1
2020-10-1515:14:09,113,0,1
2020-10-1515:14:10,115,0,1
2020-10-1515:14:11,116,0,1
2020-10-1515:14:12,118,0,1
2020-10-1515:14:13,,0,1
2020-10-1515:14:14,7,0,1
2020-10-1515:14:15,,0,1
2020-10-1515:14:16,48,0,1
2020-10-1515:14:17,48,0,1
2020-10-1515:14:18,120,0,1
2020-10-1515:14:19,40,0,1
2020-10-1515:14:20,748,0,1
2020-10-1515:14:21,120,0,1
2020-10-1515:14:22,120,0,1
2020-10-1515:14:23,48,0,1
2020-10-1515:14:24,40,0,1
2020-10-1515:14:25,740,0,1
2020-10-1515:14:26,120,0,1
2020-10-1515:14:27,120,0,0
2020-10-1515:14:28,120,0,0
2020-10-1515:14:29,120,0,0
2020-10-1515:14:30,7408,0,0
2020-10-1515:14:31,40,0,0
2020-10-1515:14:32,120,0,0
2020-10-1515:14:33,120,0,0
2020-10-1515:14:34,74,0,0
2020-10-1515:14:35,,0,1
2020-10-1515:14:36,115,0,1
2020-10-1515:14:37,,0,1
2020-10-1515:14:38,2,0,1
2020-10-1515:14:39,111,0,1
2020-10-1515:14:40,1,0,1
2020-10-1515:14:41,108,0,1
2020-10-1515:14:42,106,0,1
2020-10-1515:14:43,103,0,1
2020-10-1515:14:44,101,0,1
2020-10-1515:14:45,100,0,1
2020-10-1515:14:46,,0,1
2020-10-1515:14:47,100,0,1
2020-10-1515:14:46,100,0,1
2020-10-1515:14:49,101,0,1
2020-10-1515:14:50,101,0,1
2020-10-1515:14:51,1017,0,1
2020-10-1515:14:52,101,0,1
2020-10-1515:14:53,107,0,1
2020-10-1515:14:54,102,0,1
2020-10-1515:14:55,103,0,1
2020-10-1515:14:56,,0,1
2020-10-1515:14:57,104,0,1
2020-10-1515:14:58,104,0,1
2020-10-1515:14:59,104,0,1
2020-10-1515:15:00,,0,1
2020-10-1515:15:01,104,0,1
2020-10-1515:15:02,,0,1
2020-10-1515:15:03,0,0,1
2020-10-1515:15:04,105,0,1
2020-10-1515:15:05,105,0,1
2020-10-1515:15:06,105,0,1
2020-10-1515:15:07,106,0,1
2020-10-1515:15:08,107,0,1
2020-10-1515:15:09,108,0,1
2020-10-1515:15:10,109,0,1
2020-10-1515:15:11,1,0,1
2020-10-1515:15:12,1,0,1
2020-10-1515:15:13,109,0,1
2020-10-1515:15:14,109,0,1
2020-10-1515:15:15,11,0,1
2020-10-1515:15:16,109,0,1
2020-10-1515:15:17,11,0,1
2020-10-1515:15:18,109,0,1
2020-10-1515:15:19,110,0,1
2020-10-1515:15:20,110,0,1
2020-10-1515:15:21,110,0,1
2020-10-1515:15:22,110,0,1
2020-10-1515:15:23,111,0,1
2020-10-1515:15:24,112,0,1
2020-10-1515:15:25,,0,1
2020-10-1515:15:26,,0,1
2020-10-1515:15:27,,0,1
2020-10-1515:15:28,115,0,1
2020-10-1515:15:29,115,0,1
2020-10-1515:15:30,116,0,1
2020-10-1515:15:31,,0,1
2020-10-1515:15:32,117,0,1
2020-10-1515:15:33,118,0,1
2020-10-1515:15:34,4,0,1
2020-10-1515:15:35,,0,1
2020-10-1515:15:36,,0,1
2020-10-1515:15:37,,0,1
2020-10-1515:15:38,,0,1
2020-10-1515:15:39,,0,1
2020-10-1515:15:40,,0,1
2020-10-1515:15:41,,0,0
2020-10-1515:15:42,,0,0
2020-10-1515:15:43,,0,0
2020-10-1515:15:44,,0,0
2020-10-1515:15:45,,0,0
2020-10-1515:15:46,,0,0
2020-10-1515:15:47,,0,0
2020-10-1515:15:46,118,0,0
2020-10-1515:15:49,,0,0
2020-10-1515:15:50,,0,0
2020-10-1515:15:51,140,0,1
2020-10-1515:15:52,120,0,1
2020-10-1515:15:53,120,0,1
2020-10-1515:15:54,120,0,1
2020-10-1515:15:55,120,0,1
2020-10-1515:15:56,,0,1
2020-10-1515:15:57,118,0,1
2020-10-1515:15:58,116,0,1
2020-10-1515:15:59,115,0,1
2020-10-1515:16:00,,0,1
2020-10-1515:16:01,4,0,1
2020-10-1515:16:02,111,0,1
2020-10-1515:16:03,109,0,1
2020-10-1515:16:04,108,0,1
2020-10-1515:16:05,107,0,1
2020-10-1515:16:06,106,0,1
2020-10-1515:16:07,104,0,1
2020-10-1515:16:08,102,0,1
2020-10-1515:16:09,101,0,1
2020-10-1515:16:10,,0,1
2020-10-1515:16:11,,0,1
2020-10-1515:16:12,97,0,1
2020-10-1515:16:13,96,0,1
2020-10-1515:16:14,95,0,1
2020-10-1515:16:15,5,0,1
2020-10-1515:16:16,95,0,1
2020-10-1515:16:17,95,0,1
2020-10-1515:16:18,96,0,1
2020-10-1515:16:19,96,0,1
2020-10-1515:16:20,97,0,0
2020-10-1515:16:21,96,0,0
2020-10-1515:16:22,,0,0
2020-10-1515:16:23,90,0,0
2020-10-1515:16:24,,0,0
2020-10-1515:16:25,,0,0
2020-10-1515:16:26,83,0,0
2020-10-1515:16:27,83,0,0
2020-10-1515:16:28,,0,0
2020-10-1515:16:29,85,0,0
2020-10-1515:16:30,,0,0
2020-10-1515:16:31,,0,0
2020-10-1515:16:32,,0,0
2020-10-1515:16:33,87,0,0
2020-10-1515:16:34,,0,0
2020-10-1515:16:35,88,0,0
2020-10-1515:16:36,88,0,0
2020-10-1515:16:37,,0,0
2020-10-1515:16:38,89,0,0
2020-10-1515:16:39,90,0,0
2020-10-1515:16:40,48,0,0
2020-10-1515:16:41,90,0,0
2020-10-1515:16:42,91,0,0
2020-10-1515:16:43,,0,1
2020-10-1515:16:44,,0,1
2020-10-1515:16:45,90,0,1
2020-10-1515:16:46,90,0,1
2020-10-1515:16:47,,0,1
2020-10-1515:16:46,,0,1
2020-10-1515:16:49,,0,1
2020-10-1515:16:50,,0,1
2020-10-1515:16:51,,0,1
2020-10-1515:16:52,,0,0
2020-10-1515:16:53,,0,1
2020-10-1515:16:54,90,0,1
2020-10-1515:16:55,90,0,1
2020-10-1515:16:56,,0,0
2020-10-1515:16:57,,0,0
2020-10-1515:16:58,,0,1
2020-10-1515:16:59,96,0,1
2020-10-1515:17:00,98,0,0
2020-10-1515:17:01,,0,0
2020-10-1515:17:02,100,0,0
2020-10-1515:17:03,101,0,0
2020-10-1515:17:04,100,0,0
2020-10-1515:17:05,,0,0
2020-10-1515:17:06,,0,0
2020-10-1515:17:07,90,1,0
2020-10-1515:17:08,85,1,0
2020-10-1515:17:09,80,1,0
2020-10-1515:17:10,76,1,1
2020-10-1515:17:11,75,1,1
2020-10-1515:17:12,,1,1
2020-10-1515:17:13,,1,1
2020-10-1515:17:14,75,1,1
2020-10-1515:17:15,76,1,1
2020-10-1515:17:16,76,1,1
2020-10-1515:17:17,76,1,1
2020-10-1515:17:18,74,1,1
2020-10-1515:17:19,,1,1
2020-10-1515:17:20,48,1,1
2020-10-1515:17:21,67,1,0
2020-10-1515:17:22,65,1,0
2020-10-1515:17:23,62,1,0
2020-10-1515:17:24,61,1,0
2020-10-1515:17:25,,1,1
2020-10-1515:17:26,,1,0
2020-10-1515:17:27,53,0,0
2020-10-1515:17:28,52,0,0
2020-10-1515:17:29,,0,0
2020-10-1515:17:30,,0,0
2020-10-1515:17:31,,0,0
2020-10-1515:17:32,,0,0
2020-10-1515:17:33,53,0,0
2020-10-1515:17:34,52,0,0
2020-10-1515:17:35,,0,0
2020-10-1515:17:36,4,0,0
2020-10-1515:17:37,,0,0
2020-10-1515:17:38,06,0,0
2020-10-1515:17:39,4,0,0
2020-10-1515:17:40,61,1,0
2020-10-1515:17:41,63,1,0
2020-10-1515:17:42,66,1,0
2020-10-1515:17:43,68,1,0
2020-10-1515:17:44,68,1,1
2020-10-1515:17:45,66,1,1
2020-10-1515:17:46,63,1,1
2020-10-1515:17:47,60,1,1
2020-10-1515:17:46,06,1,1
2020-10-1515:17:49,53,0,0
2020-10-1515:17:50,1,0,0
2020-10-1515:17:51,50,0,0
2020-10-1515:17:52,90,0,0
2020-10-1515:17:53,,0,0
2020-10-1515:17:54,,0,0
2020-10-1515:17:55,,0,0
2020-10-1515:17:56,,0,0
2020-10-1515:17:57,47,0,0
2020-10-1515:17:58,,0,0
2020-10-1515:17:59,,0,0
2020-10-1515:18:00,018,0,0
2020-10-1515:18:01,,0,0
2020-10-1515:18:02,,0,0
2020-10-1515:18:03,,0,0
2020-10-1515:18:04,46,0,0
2020-10-1515:18:05,39,0,0
2020-10-1515:18:06,,0,0
2020-10-1515:18:07,,0,0
2020-10-1515:18:08,20,0,0
2020-10-1515:18:09,18,0,0
2020-10-1515:18:10,4,0,0
2020-10-1515:18:11,,0,0
2020-10-1515:18:12,,0,0
2020-10-1515:18:13,18,0,0
2020-10-1515:18:14,20,0,0
2020-10-1515:18:15,22,0,0
2020-10-1515:18:16,23,0,0
2020-10-1515:18:17,21,0,0
2020-10-1515:18:18,4,0,0
2020-10-1515:18:19,17,0,0
2020-10-1515:18:20,,0,0
2020-10-1515:18:21,16,0,0
