2020-10-1515:29:57,67,0,1
2020-10-1515:29:58,68,0,1
2020-10-1515:29:59,68,0,1
2020-10-1515:30:00,68,0,1
2020-10-1515:30:01,,0,1
2020-10-1515:30:02,68,0,1
2020-10-1515:30:03,68,0,1
2020-10-1515:30:04,69,0,1
2020-10-1515:30:05,69,0,1
2020-10-1515:30:06,,0,1
2020-10-1515:30:07,69,0,1
2020-10-1515:30:08,48,0,1
2020-10-1515:30:09,48,0,1
2020-10-1515:30:10,48,0,1
2020-10-1515:30:11,,0,1
2020-10-1515:30:12,,0,1
2020-10-1515:30:13,,0,1
2020-10-1515:30:14,,0,1
2020-10-1515:30:15,,0,1
2020-10-1515:30:16,,0,1
2020-10-1515:30:17,1,0,1
2020-10-1515:30:18,72,0,1
2020-10-1515:30:19,1,0,1
2020-10-1515:30:20,73,0,1
2020-10-1515:30:21,,0,1
2020-10-1515:30:22,,0,1
2020-10-1515:30:23,,0,1
2020-10-1515:30:24,,0,1
2020-10-1515:30:25,,0,1
2020-10-1515:30:26,75,0,1
2020-10-1515:30:27,75,0,1
2020-10-1515:30:28,,0,1
2020-10-1515:30:29,76,0,1
2020-10-1515:30:30,76,0,1
2020-10-1515:30:31,76,0,1
2020-10-1515:30:32,76,0,1
2020-10-1515:30:33,76,0,1
2020-10-1515:30:34,76,0,1
2020-10-1515:30:35,76,0,1
2020-10-1515:30:36,76,0,1
2020-10-1515:30:37,76,0,1
2020-10-1515:30:38,76,0,1
2020-10-1515:30:39,76,0,1
2020-10-1515:30:40,76,0,1
2020-10-1515:30:41,76,0,1
2020-10-1515:30:42,76,0,1
2020-10-1515:30:43,76,0,1
2020-10-1515:30:44,76,0,1
2020-10-1515:30:45,76,0,1
2020-10-1515:30:46,76,0,1
2020-10-1515:30:47,77,0,1
2020-10-1515:30:48,,0,1
2020-10-1515:30:49,,0,1
2020-10-1515:30:50,77,0,1
2020-10-1515:30:51,77,0,1
2020-10-1515:30:52,77,0,1
2020-10-1515:30:53,,0,1
2020-10-1515:30:54,,0,1
2020-10-1515:30:55,,0,1
2020-10-1515:30:56,,0,1
2020-10-1515:30:57,77,0,1
2020-10-1515:30:58,77,0,1
2020-10-1515:30:59,,0,1
2020-10-1515:31:00,77,0,1
2020-10-1515:31:01,,0,1
2020-10-1515:31:02,77,0,1
2020-10-1515:31:03,,0,1
2020-10-1515:31:04,,0,1
2020-10-1515:31:05,,0,1
2020-10-1515:31:06,,0,1
2020-10-1515:31:07,77,0,1
2020-10-1515:31:08,,0,1
2020-10-1515:31:09,77,0,1
2020-10-1515:31:10,,0,1
2020-10-1515:31:11,,0,1
2020-10-1515:31:12,77,0,1
2020-10-1515:31:13,,0,1
2020-10-1515:31:14,77,0,1
2020-10-1515:31:15,76,0,1
2020-10-1515:31:16,76,0,1
2020-10-1515:31:17,76,0,1
2020-10-1515:31:18,76,0,1
2020-10-1515:31:19,76,0,1
2020-10-1515:31:20,76,0,1
2020-10-1515:31:21,76,0,1
2020-10-1515:31:22,75,0,1
2020-10-1515:31:23,75,0,1
2020-10-1515:31:24,,0,1
2020-10-1515:31:25,,0,1
2020-10-1515:31:26,,0,1
2020-10-1515:31:27,73,0,1
2020-10-1515:31:28,,0,1
2020-10-1515:31:29,72,0,1
2020-10-1515:31:30,,0,1
2020-10-1515:31:31,48,0,1
2020-10-1515:31:32,68,0,1
2020-10-1515:31:33,,0,1
2020-10-1515:31:34,66,0,1
2020-10-1515:31:35,65,0,1
2020-10-1515:31:36,65,0,1
2020-10-1515:31:37,65,0,1
2020-10-1515:31:38,65,0,1
2020-10-1515:31:39,65,0,1
2020-10-1515:31:40,65,0,1
2020-10-1515:31:41,65,0,1
2020-10-1515:31:42,65,0,1
2020-10-1515:31:43,66,0,1
2020-10-1515:31:44,66,0,1
2020-10-1515:31:45,66,0,1
2020-10-1515:31:46,,0,1
2020-10-1515:31:47,67,0,1
2020-10-1515:31:48,68,0,1
2020-10-1515:31:49,68,0,1
2020-10-1515:31:50,68,0,1
2020-10-1515:31:51,68,0,1
2020-10-1515:31:52,68,0,1
2020-10-1515:31:53,69,0,1
2020-10-1515:31:54,4,0,1
2020-10-1515:31:55,4,0,1
2020-10-1515:31:56,4,0,1
2020-10-1515:31:57,69,0,1
2020-10-1515:31:58,69,0,1
2020-10-1515:31:59,,0,1
2020-10-1515:32:00,69,0,1
2020-10-1515:32:01,4,0,1
2020-10-1515:32:02,,0,1
2020-10-1515:32:03,48,0,1
2020-10-1515:32:04,70,0,1
2020-10-1515:32:05,70,0,1
2020-10-1515:32:06,70,0,1
2020-10-1515:32:07,70,0,1
2020-10-1515:32:08,48,0,1
2020-10-1515:32:09,48,0,1
2020-10-1515:32:10,48,0,1
2020-10-1515:32:11,70,0,1
2020-10-1515:32:12,70,0,1
2020-10-1515:32:13,48,0,1
2020-10-1515:32:14,69,0,1
2020-10-1515:32:15,69,0,1
2020-10-1515:32:16,68,0,1
2020-10-1515:32:17,68,0,1
2020-10-1515:32:18,4,0,1
2020-10-1515:32:19,67,0,1
2020-10-1515:32:20,4,0,1
2020-10-1515:32:21,4,0,1
2020-10-1515:32:22,,0,0
2020-10-1515:32:23,67,0,0
2020-10-1515:32:24,66,0,0
2020-10-1515:32:25,66,0,0
2020-10-1515:32:26,66,0,0
2020-10-1515:32:27,65,0,0
2020-10-1515:32:28,65,0,0
2020-10-1515:32:29,65,0,0
2020-10-1515:32:30,64,0,0
2020-10-1515:32:31,64,0,0
2020-10-1515:32:32,64,0,0
2020-10-1515:32:33,63,0,0
2020-10-1515:32:34,62,0,0
2020-10-1515:32:35,,1,0
2020-10-1515:32:36,60,1,1
2020-10-1515:32:37,4,1,1
2020-10-1515:32:38,,1,1
2020-10-1515:32:39,,1,0
2020-10-1515:32:40,,1,0
2020-10-1515:32:41,,0,0
2020-10-1515:32:42,53,0,0
2020-10-1515:32:43,52,0,0
2020-10-1515:32:44,52,0,0
2020-10-1515:32:45,53,0,0
2020-10-1515:32:46,53,0,0
2020-10-1515:32:47,,0,0
2020-10-1515:32:48,55,0,0
2020-10-1515:32:49,,0,0
2020-10-1515:32:50,,0,0
2020-10-1515:32:51,,0,0
2020-10-1515:32:52,,0,0
2020-10-1515:32:53,,0,0
2020-10-1515:32:54,,0,0
2020-10-1515:32:55,,0,0
2020-10-1515:32:56,,0,0
2020-10-1515:32:57,,0,0
2020-10-1515:32:58,,0,0
2020-10-1515:32:59,,0,0
2020-10-1515:33:00,,0,0
2020-10-1515:33:01,,0,0
2020-10-1515:33:02,,0,0
2020-10-1515:33:03,,0,0
2020-10-1515:33:04,61,1,0
2020-10-1515:33:05,63,1,0
2020-10-1515:33:06,65,0,0
2020-10-1515:33:07,65,0,0
2020-10-1515:33:08,,0,0
2020-10-1515:33:09,65,1,1
2020-10-1515:33:10,,1,1
2020-10-1515:33:11,,1,1
2020-10-1515:33:12,64,1,1
2020-10-1515:33:13,,1,1
2020-10-1515:33:14,63,1,0
2020-10-1515:33:15,63,1,1
2020-10-1515:33:16,65,1,1
2020-10-1515:33:17,68,1,1
2020-10-1515:33:18,70,1,1
2020-10-1515:33:19,71,1,1
2020-10-1515:33:20,4,1,1
2020-10-1515:33:21,,1,1
2020-10-1515:33:22,75,1,1
2020-10-1515:33:23,75,1,1
2020-10-1515:33:24,76,1,1
2020-10-1515:33:25,75,1,1
2020-10-1515:33:26,76,1,1
2020-10-1515:33:27,78,1,1
2020-10-1515:33:28,79,1,1
2020-10-1515:33:29,,1,1
2020-10-1515:33:30,82,1,1
2020-10-1515:33:31,84,1,1
2020-10-1515:33:32,86,1,1
2020-10-1515:33:33,,1,1
2020-10-1515:33:34,90,1,1
2020-10-1515:33:35,,1,1
2020-10-1515:33:36,97,1,1
2020-10-1515:33:37,100,1,1
2020-10-1515:33:38,103,1,1
2020-10-1515:33:39,105,1,1
2020-10-1515:33:40,107,1,1
2020-10-1515:33:41,108,1,1
2020-10-1515:33:42,109,1,1
2020-10-1515:33:43,109,1,1
2020-10-1515:33:44,109,1,1
2020-10-1515:33:45,110,1,1
2020-10-1515:33:46,109,1,1
2020-10-1515:33:47,109,1,1
2020-10-1515:33:48,109,1,1
2020-10-1515:33:49,109,1,1
2020-10-1515:33:50,109,1,1
2020-10-1515:33:51,109,1,1
2020-10-1515:33:52,108,1,1
2020-10-1515:33:53,109,1,1
2020-10-1515:33:54,109,1,1
2020-10-1515:33:55,110,1,1
2020-10-1515:33:56,110,1,1
2020-10-1515:33:57,8,1,1
2020-10-1515:33:58,,1,1
2020-10-1515:33:59,,1,1
2020-10-1515:34:00,110,1,1
2020-10-1515:34:01,,1,1
2020-10-1515:34:02,8,1,1
2020-10-1515:34:03,8,1,1
2020-10-1515:34:04,,1,1
2020-10-1515:34:05,,1,1
2020-10-1515:34:06,,1,1
2020-10-1515:34:07,,1,1
2020-10-1515:34:08,4,1,1
2020-10-1515:34:09,112,1,1
2020-10-1515:34:10,4,1,1
2020-10-1515:34:11,111,1,1
2020-10-1515:34:12,111,1,1
2020-10-1515:34:13,,1,1
2020-10-1515:34:14,110,1,1
2020-10-1515:34:15,110,1,1
2020-10-1515:34:16,110,1,1
2020-10-1515:34:17,107,1,0
2020-10-1515:34:18,,1,0
2020-10-1515:34:19,85,1,0
2020-10-1515:34:20,76,1,1
2020-10-1515:34:21,48,1,1
2020-10-1515:34:22,,1,1
2020-10-1515:34:23,,1,1
2020-10-1515:34:24,,1,1
2020-10-1515:34:25,,1,1
2020-10-1515:34:26,,1,1
2020-10-1515:34:27,60,1,1
2020-10-1515:34:28,,1,1
2020-10-1515:34:29,63,1,1
2020-10-1515:34:30,65,1,1
2020-10-1515:34:31,66,1,1
2020-10-1515:34:32,68,1,1
2020-10-1515:34:33,70,1,1
2020-10-1515:34:34,,1,1
2020-10-1515:34:35,76,1,1
2020-10-1515:34:36,79,1,1
2020-10-1515:34:37,83,1,1
2020-10-1515:34:38,86,1,1
2020-10-1515:34:39,354,1,1
2020-10-1515:34:40,,1,1
2020-10-1515:34:41,,1,1
2020-10-1515:34:42,94,1,1
2020-10-1515:34:43,,1,1
2020-10-1515:34:44,,1,1
2020-10-1515:34:45,,1,1
2020-10-1515:34:46,,1,1
2020-10-1515:34:47,,1,1
2020-10-1515:34:46,,1,1
2020-10-1515:34:49,,1,1
2020-10-1515:34:50,,1,1
2020-10-1515:34:51,2,1,1
2020-10-1515:34:52,,1,1
2020-10-1515:34:53,,1,1
2020-10-1515:34:54,908,1,1
2020-10-1515:34:55,,1,1
2020-10-1515:34:56,,1,1
2020-10-1515:34:57,,1,1
2020-10-1515:34:58,,1,1
2020-10-1515:34:59,,1,1
2020-10-1515:35:00,,1,1
2020-10-1515:35:01,,1,1
2020-10-1515:35:02,,1,1
2020-10-1515:35:03,2,1,1
2020-10-1515:35:04,,1,1
2020-10-1515:35:05,2,1,1
2020-10-1515:35:06,,1,1
2020-10-1515:35:07,,1,1
2020-10-1515:35:08,4,1,1
2020-10-1515:35:09,,1,1
2020-10-1515:35:10,88,1,0
2020-10-1515:35:11,89,1,0
2020-10-1515:35:12,4,1,0
2020-10-1515:35:13,86,1,0
2020-10-1515:35:14,84,1,0
2020-10-1515:35:15,83,1,1
2020-10-1515:35:16,82,1,1
2020-10-1515:35:17,82,1,1
2020-10-1515:35:18,82,1,1
2020-10-1515:35:19,82,1,1
2020-10-1515:35:20,82,1,1
2020-10-1515:35:21,80,1,1
2020-10-1515:35:22,78,1,0
2020-10-1515:35:23,76,1,0
2020-10-1515:35:24,,1,0
2020-10-1515:35:25,74,1,0
2020-10-1515:35:26,,1,0
2020-10-1515:35:27,7,1,0
2020-10-1515:35:28,4,1,1
2020-10-1515:35:29,68,1,1
2020-10-1515:35:30,4,1,0
2020-10-1515:35:31,66,1,1
2020-10-1515:35:32,66,1,1
2020-10-1515:35:33,65,1,1
2020-10-1515:35:34,65,1,1
2020-10-1515:35:35,64,1,1
2020-10-1515:35:36,63,1,1
2020-10-1515:35:37,62,1,1
2020-10-1515:35:38,,1,1
2020-10-1515:35:39,60,1,1
2020-10-1515:35:40,,1,0
2020-10-1515:35:41,54,0,0
2020-10-1515:35:42,50,0,0
2020-10-1515:35:43,,0,0
2020-10-1515:35:44,,0,0
2020-10-1515:35:45,,0,0
2020-10-1515:35:46,,0,0
2020-10-1515:35:47,,0,0
2020-10-1515:35:48,26,0,0
2020-10-1515:35:49,22,0,0
2020-10-1515:35:50,3,0,0
2020-10-1515:35:51,,0,0
2020-10-1515:35:52,,0,0
2020-10-1515:35:53,10,0,0
2020-10-1515:35:54,,0,0
2020-10-1515:35:55,5,0,0
2020-10-1515:35:56,4,0,0
2020-10-1515:35:57,3,0,0
2020-10-1515:35:58,8,0,0
2020-10-1515:35:59,8,0,0
2020-10-1515:36:00,8,0,0
2020-10-1515:36:01,8,0,0
2020-10-1515:36:02,1,0,0
2020-10-1515:36:03,6,0,0
2020-10-1515:36:04,9,0,0
2020-10-1515:36:05,9,0,0
2020-10-1515:36:06,,0,0
2020-10-1515:36:07,15,0,0
2020-10-1515:36:08,23,0,0
2020-10-1515:36:09,26,0,0
2020-10-1515:36:10,27,0,0
2020-10-1515:36:11,29,0,0
2020-10-1515:36:12,31,0,0
2020-10-1515:36:13,,0,0
2020-10-1515:36:14,32,0,0
2020-10-1515:36:15,33,0,0
2020-10-1515:36:16,32,0,0
2020-10-1515:36:17,,0,0
2020-10-1515:36:18,,0,0
2020-10-1515:36:19,26,0,0
2020-10-1515:36:20,,0,0
2020-10-1515:36:21,,0,0
2020-10-1515:36:22,26,0,0
2020-10-1515:36:23,29,0,0
2020-10-1515:36:24,,0,0
2020-10-1515:36:25,2,0,0
2020-10-1515:36:26,2
2,0,0
2020-10-1515:36:27,,0,0
2020-10-1515:36:28,,0,0
2020-10-1515:36:29,1,0,0
2020-10-1515:36:30,,0,0
2020-10-1515:36:31,,0,0
2020-10-1515:36:32,,0,0
2020-10-1515:36:33,49,0,0
2020-10-1515:36:34,08,0,0
2020-10-1515:36:35,51,0,0
2020-10-1515:36:36,52,0,0
2020-10-1515:36:37,,0,0
2020-10-1515:36:38,,0,0
2020-10-1515:36:39,,0,0
2020-10-1515:36:40,60,1,1
2020-10-1515:36:41,60,1,1
2020-10-1515:36:42,60,1,1
2020-10-1515:36:43,,1,1
2020-10-1515:36:44,62,0,0
2020-10-1515:36:45,63,1,0
2020-10-1515:36:46,,1,0
2020-10-1515:36:47,,1,0
2020-10-1515:36:48,65,1,0
2020-10-1515:36:49,66,1,0
2020-10-1515:36:50,,1,0
2020-10-1515:36:51,69,1,0
2020-10-1515:36:52,48,1,1
2020-10-1515:36:53,,1,1
2020-10-1515:36:54,,1,1
2020-10-1515:36:55,,1,1
2020-10-1515:36:56,,1,1
2020-10-1515:36:57,,1,1
2020-10-1515:36:58,75,1,1
2020-10-1515:36:59,76,1,1
2020-10-1515:37:00,75,1,1
2020-10-1515:37:01,,1,1
2020-10-1515:37:02,75,1,1
2020-10-1515:37:03,,1,1
2020-10-1515:37:04,,1,1
2020-10-1515:37:05,75,1,1
2020-10-1515:37:06,76,1,1
2020-10-1515:37:07,,1,1
2020-10-1515:37:08,,1,1
2020-10-1515:37:09,78,1,1
2020-10-1515:37:10,79,1,1
2020-10-1515:37:11,80,1,1
2020-10-1515:37:12,81,1,1
2020-10-1515:37:13,82,1,1
2020-10-1515:37:14,82,1,1
2020-10-1515:37:15,82,1,1
2020-10-1515:37:16,82,1,1
2020-10-1515:37:17,84,1,1
2020-10-1515:37:18,4,1,1
2020-10-1515:37:19,90,1,1
2020-10-1515:37:20,,1,1
2020-10-1515:37:21,,1,1
2020-10-1515:37:22,,1,1
2020-10-1515:37:23,,1,1
2020-10-1515:37:24,5,1,1
2020-10-1515:37:25,96,1,1
2020-10-1515:37:26,98,1,0
2020-10-1515:37:27,107,1,0
2020-10-1515:37:28,105,1,0
2020-10-1515:37:29,,1,0
2020-10-1515:37:30,,1,0
2020-10-1515:37:31,115,1,1
2020-10-1515:37:32,,1,1
2020-10-1515:37:33,112,1,1
2020-10-1515:37:34,110,1,1
2020-10-1515:37:35,109,1,1
2020-10-1515:37:36,106,1,1
2020-10-1515:37:37,104,1,1
2020-10-1515:37:38,100,1,1
2020-10-1515:37:39,96,1,1
2020-10-1515:37:40,92,1,1
2020-10-1515:37:41,87,1,1
2020-10-1515:37:42,83,1,1
2020-10-1515:37:43,78,1,1
2020-10-1515:37:44,,1,1
2020-10-1515:37:45,,1,1
2020-10-1515:37:46,69,1,1
2020-10-1515:37:47,66,1,1
2020-10-1515:37:48,65,1,1
2020-10-1515:37:49,64,1,1
2020-10-1515:37:50,66,1,1
2020-10-1515:37:51,66,1,1
2020-10-1515:37:52,64,1,1
2020-10-1515:37:53,63,1,1
2020-10-1515:37:54,62,1,1
2020-10-1515:37:55,63,1,1
2020-10-1515:37:56,66,1,1
2020-10-1515:37:57,69,1,1
2020-10-1515:37:58,,1,1
2020-10-1515:37:59,76,1,1
2020-10-1515:38:00,79,1,1
2020-10-1515:38:01,83,1,1
2020-10-1515:38:02,86,1,1
2020-10-1515:38:03,90,1,1
2020-10-1515:38:04,,1,1
2020-10-1515:38:05,,1,1
2020-10-1515:38:06,,1,1
2020-10-1515:38:07,93,1,1
2020-10-1515:38:08,,1,1
2020-10-1515:38:09,,1,1
2020-10-1515:38:10,5,1,1
2020-10-1515:38:11,,1,1
2020-10-1515:38:12,96,1,1
2020-10-1515:38:13,,1,1
2020-10-1515:38:14,,1,1
2020-10-1515:38:15,,1,1
2020-10-1515:38:16,,1,1
2020-10-1515:38:17,,1,0
2020-10-1515:38:18,,1,0
2020-10-1515:38:19,,1,0
2020-10-1515:38:20,,1,0
2020-10-1515:38:21,,1,0
2020-10-1515:38:22,,1,1
2020-10-1515:38:23,5,1,1
2020-10-1515:38:24,,1,1
2020-10-1515:38:25,90,1,1
2020-10-1515:38:26,90,1,1
2020-10-1515:38:27,90,1,1
2020-10-1515:38:28,90,1,1
2020-10-1515:38:29,90,1,1
2020-10-1515:38:30,90,1,1
2020-10-1515:38:31,90,1,1
2020-10-1515:38:32,,1,1
2020-10-1515:38:33,,1,1
2020-10-1515:38:34,,1,1
2020-10-1515:38:35,,1,1
2020-10-1515:38:36,,1,1
2020-10-1515:38:37,,1,1
2020-10-1515:38:38,98,1,1
2020-10-1515:38:39,98,1,1
2020-10-1515:38:40,99,1,1
2020-10-1515:38:41,100,1,1
2020-10-1515:38:42,100,1,1
2020-10-1515:38:43,100,1,1
2020-10-1515:38:44,100,1,1
2020-10-1515:38:45,100,1,1
2020-10-1515:38:46,99,1,1
2020-10-1515:38:47,,1,1
2020-10-1515:38:48,,1,1
2020-10-1515:38:49,97,1,1
2020-10-1515:38:50,,1,1
2020-10-1515:38:51,,1,1
2020-10-1515:38:52,92,1,1
2020-10-1515:38:53,,1,1
2020-10-1515:38:54,91,1,1
2020-10-1515:38:55,90,1,1
