2020-10-0610:45:21,21,0,0
2020-10-0610:45:22,25,0,0
2020-10-0610:45:23,28,0,0
2020-10-0610:45:24,30,0,0
2020-10-0610:45:25,,0,0
2020-10-0610:45:26,35,0,0
2020-10-0610:45:27,36,0,0
2020-10-0610:45:28,,0,0
2020-10-0610:45:29,40,0,0
2020-10-0610:45:30,42,0,0
2020-10-0610:45:31,43,0,0
2020-10-0610:45:32,,0,0
2020-10-0610:45:33,,0,0
2020-10-0610:45:34,,0,0
2020-10-0610:45:35,44,0,0
2020-10-0610:45:36,,0,0
2020-10-0610:45:37,45,0,0
2020-10-0610:45:38,45,0,0
2020-10-0610:45:39,,0,0
2020-10-0610:45:40,43,0,0
2020-10-0610:45:41,42,0,0
2020-10-0610:45:42,40,0,0
2020-10-0610:45:43,,0,0
2020-10-0610:45:44,,0,0
2020-10-0610:45:45,30,0,0
2020-10-0610:45:46,30,0,0
2020-10-0610:45:47,,0,0
2020-10-0610:45:46,,0,0
2020-10-0610:45:49,34,0,0
2020-10-0610:45:50,4,0,0
2020-10-0610:45:51,,0,0
2020-10-0610:45:52,39,0,0
2020-10-0610:45:53,41,0,0
2020-10-0610:45:54,,0,0
2020-10-0610:45:55,43,0,0
2020-10-0610:45:56,,0,0
2020-10-0610:45:57,,0,0
2020-10-0610:45:58,,0,0
2020-10-0610:45:59,45,0,0
2020-10-0610:46:00,,0,0
2020-10-0610:46:01,42,0,0
2020-10-0610:46:02,38,0,0
2020-10-0610:46:03,35,0,0
2020-10-0610:46:04,,0,0
2020-10-0610:46:05,30,0,0
2020-10-0610:46:06,,0,0
2020-10-0610:46:07,30,0,0
2020-10-0610:46:08,4,0,0
2020-10-0610:46:09,36,0,0
2020-10-0610:46:10,39,0,0
2020-10-0610:46:11,43,0,0
2020-10-0610:46:12,48,0,0
2020-10-0610:46:13,96,0,0
2020-10-0610:46:14,62,0,0
2020-10-0610:46:15,59,0,0
2020-10-0610:46:16,,0,0
2020-10-0610:46:17,,0,0
2020-10-0610:46:18,4,0,0
2020-10-0610:46:19,70,0,0
2020-10-0610:46:20,65,0,0
2020-10-0610:46:21,60,1,0
2020-10-0610:46:22,,0,0
2020-10-0610:46:23,,0,0
2020-10-0610:46:24,,0,0
2020-10-0610:46:25,,0,0
2020-10-0610:46:26,,0,0
2020-10-0610:46:27,,0,0
2020-10-0610:46:28,35,0,0
2020-10-0610:46:29,28,0,0
2020-10-0610:46:30,20,0,0
2020-10-0610:46:31,,0,0
2020-10-0610:46:32,,0,0
2020-10-0610:46:33,,0,0
2020-10-0610:46:34,,0,0
2020-10-0610:46:35,,0,0
2020-10-0610:46:36,,0,0
2020-10-0610:46:37,,0,0
2020-10-0610:46:38,,0,0
2020-10-0610:46:39,,0,0
2020-10-0610:46:40,,0,0
2020-10-0610:46:41,,0,0
2020-10-0610:46:42,,0,0
2020-10-0610:46:43,,0,0
2020-10-0610:46:44,,0,0
2020-10-0610:46:45,,0,0
2020-10-0610:46:46,,0,0
2020-10-0610:46:47,,0,0
2020-10-0610:46:46,,0,0
2020-10-0610:46:49,,0,0
2020-10-0610:46:50,,0,0
2020-10-0610:46:51,,0,0
2020-10-0610:46:52,,0,0
2020-10-0610:46:53,,0,0
2020-10-0610:46:54,,0,0
2020-10-0610:46:55,,0,0
2020-10-0610:46:56,,0,0
2020-10-0610:46:57,,0,0
2020-10-0610:46:58,,0,0
2020-10-0610:46:59,,0,0
2020-10-0610:47:00,,0,0
2020-10-0610:47:01,,0,0
2020-10-0610:47:02,,0,0
2020-10-0610:47:03,,0,0
2020-10-0610:47:04,,0,0
2020-10-0610:47:05,15,0,0
2020-10-0610:47:06,7,0,0
2020-10-0610:47:07,,0,0
2020-10-0610:47:08,27,0,0
2020-10-0610:47:09,,0,0
2020-10-0610:47:10,,0,0
2020-10-0610:47:11,,0,0
2020-10-0610:47:12,40,0,0
2020-10-0610:47:13,,0,0
2020-10-0610:47:14,,0,0
2020-10-0610:47:15,37,0,0
2020-10-0610:47:16,36,0,0
2020-10-0610:47:17,,0,0
2020-10-0610:47:18,,0,0
2020-10-0610:47:19,,0,0
2020-10-0610:47:20,27,0,0
2020-10-0610:47:21,23,0,0
2020-10-0610:47:22,,0,0
2020-10-0610:47:23,,0,0
2020-10-0610:47:24,,0,0
2020-10-0610:47:25,,0,0
2020-10-0610:47:26,,0,0
2020-10-0610:47:27,,0,0
2020-10-0610:47:28,,0,0
2020-10-0610:47:29,,0,0
2020-10-0610:47:30,,0,0
2020-10-0610:47:31,39,0,0
2020-10-0610:47:32,,0,0
2020-10-0610:47:33,42,0,0
2020-10-0610:47:34,,0,0
2020-10-0610:47:35,,0,0
2020-10-0610:47:36,47,0,0
2020-10-0610:47:37,,0,0
2020-10-0610:47:38,,0,0
2020-10-0610:47:39,48,0,0
2020-10-0610:47:40,,0,0
2020-10-0610:47:41,46,0,0
2020-10-0610:47:42,47,0,0
2020-10-0610:47:43,,0,0
2020-10-0610:47:44,49,0,0
2020-10-0610:47:45,57,0,0
2020-10-0610:47:46,4,0,0
2020-10-0610:47:47,4,0,0
2020-10-0610:47:46,7,0,0
2020-10-0610:47:49,91,0,0
2020-10-0610:47:50,91,0,0
2020-10-0610:47:51,51,0,0
2020-10-0610:47:52,51,0,0
2020-10-0610:47:53,90,0,0
2020-10-0610:47:54,,0,0
2020-10-0610:47:55,49,0,0
2020-10-0610:47:56,,0,0
2020-10-0610:47:57,48,0,0
2020-10-0610:47:58,48,0,0
2020-10-0610:47:59,48,0,0
2020-10-0610:48:00,,0,0
2020-10-0610:48:01,,0,0
2020-10-0610:48:02,,0,0
2020-10-0610:48:03,,0,0
2020-10-0610:48:04,,0,0
2020-10-0610:48:05,42,0,0
2020-10-0610:48:06,41,0,0
2020-10-0610:48:07,,0,0
2020-10-0610:48:08,46,0,0
2020-10-0610:48:09,,0,0
2020-10-0610:48:10,,0,0
2020-10-0610:48:11,517,0,0
2020-10-0610:48:12,,0,0
2020-10-0610:48:13,,0,0
2020-10-0610:48:14,55,0,0
2020-10-0610:48:15,56,0,0
2020-10-0610:48:16,56,0,0
2020-10-0610:48:17,,0,1
2020-10-0610:48:18,,0,1
2020-10-0610:48:19,,0,1
2020-10-0610:48:20,60,0,1
2020-10-0610:48:21,60,0,1
2020-10-0610:48:22,8,0,1
2020-10-0610:48:23,60,0,1
2020-10-0610:48:24,61,0,1
2020-10-0610:48:25,,0,1
2020-10-0610:48:26,,0,0
2020-10-0610:48:27,65,0,0
2020-10-0610:48:28,,0,0
2020-10-0610:48:29,,0,0
2020-10-0610:48:30,69,0,1
2020-10-0610:48:31,71,0,0
2020-10-0610:48:32,,0,0
2020-10-0610:48:33,,0,1
2020-10-0610:48:34,,0,1
2020-10-0610:48:35,,0,1
2020-10-0610:48:36,,0,1
2020-10-0610:48:37,81,0,1
2020-10-0610:48:38,,0,1
2020-10-0610:48:39,,0,1
2020-10-0610:48:40,,0,1
2020-10-0610:48:41,,0,1
2020-10-0610:48:42,,0,1
2020-10-0610:48:43,,0,1
2020-10-0610:48:44,,0,1
2020-10-0610:48:45,,0,1
2020-10-0610:48:46,,0,1
2020-10-0610:48:47,,0,1
2020-10-0610:48:48,,0,1
2020-10-0610:48:49,69,0,1
2020-10-0610:48:50,67,0,1
2020-10-0610:48:51,,0,1
2020-10-0610:48:52,,0,1
2020-10-0610:48:53,,0,1
2020-10-0610:48:54,,0,1
2020-10-0610:48:55,,0,1
2020-10-0610:48:56,,0,1
2020-10-0610:48:57,,0,1
2020-10-0610:48:58,,0,1
2020-10-0610:48:59,,0,1
2020-10-0610:49:00,,0,1
2020-10-0610:49:01,,0,1
2020-10-0610:49:02,,0,1
2020-10-0610:49:03,,0,1
2020-10-0610:49:04,,0,1
2020-10-0610:49:05,4,0,1
2020-10-0610:49:06,67,0,1
2020-10-0610:49:07,4,0,1
2020-10-0610:49:08,67,0,1
2020-10-0610:49:09,68,0,1
2020-10-0610:49:10,,0,1
2020-10-0610:49:11,69,0,1
2020-10-0610:49:12,48,0,1
2020-10-0610:49:13,48,0,1
2020-10-0610:49:14,,0,1
2020-10-0610:49:15,71,0,1
2020-10-0610:49:16,,0,1
2020-10-0610:49:17,,0,1
2020-10-0610:49:18,,0,1
2020-10-0610:49:19,69,0,1
2020-10-0610:49:20,69,0,1
2020-10-0610:49:21,69,0,1
2020-10-0610:49:22,69,0,1
2020-10-0610:49:23,69,0,1
2020-10-0610:49:24,,0,1
2020-10-0610:49:25,,0,1
2020-10-0610:49:26,68,0,1
2020-10-0610:49:27,,0,1
2020-10-0610:49:28,67,0,1
2020-10-0610:49:29,,0,1
2020-10-0610:49:30,65,0,1
2020-10-0610:49:31,,0,1
2020-10-0610:49:32,,0,1
2020-10-0610:49:33,,0,1
2020-10-0610:49:34,,0,1
2020-10-0610:49:35,64,0,1
2020-10-0610:49:36,64,0,1
2020-10-0610:49:37,64,0,1
2020-10-0610:49:38,65,0,1
2020-10-0610:49:39,65,0,1
2020-10-0610:49:40,,0,1
2020-10-0610:49:41,68,0,1
2020-10-0610:49:42,,0,1
2020-10-0610:49:43,69,0,1
2020-10-0610:49:44,,0,1
2020-10-0610:49:45,68,0,1
2020-10-0610:49:46,,0,1
2020-10-0610:49:47,65,0,1
2020-10-0610:49:46,64,0,1
2020-10-0610:49:49,,0,1
2020-10-0610:49:50,,0,1
2020-10-0610:49:51,96,0,1
2020-10-0610:49:52,,0,1
2020-10-0610:49:53,52,0,1
2020-10-0610:49:54,53,0,1
2020-10-0610:49:55,,0,1
2020-10-0610:49:56,54,0,0
2020-10-0610:49:57,,0,0
2020-10-0610:49:58,,0,0
2020-10-0610:49:59,6,0,0
2020-10-0610:50:00,,0,0
2020-10-0610:50:01,,0,0
2020-10-0610:50:02,,0,0
2020-10-0610:50:03,60,0,1
2020-10-0610:50:04,61,0,1
2020-10-0610:50:05,63,0,1
2020-10-0610:50:06,64,0,1
2020-10-0610:50:07,,0,1
2020-10-0610:50:08,4,0,1
2020-10-0610:50:09,69,0,1
2020-10-0610:50:10,71,0,1
2020-10-0610:50:11,4,0,1
2020-10-0610:50:12,74,0,1
2020-10-0610:50:13,76,0,1
2020-10-0610:50:14,78,0,1
2020-10-0610:50:15,,0,1
2020-10-0610:50:16,,0,1
2020-10-0610:50:17,83,0,1
2020-10-0610:50:18,85,0,1
2020-10-0610:50:19,87,0,1
2020-10-0610:50:20,89,0,1
2020-10-0610:50:21,89,0,1
2020-10-0610:50:22,48,0,1
2020-10-0610:50:23,90,0,1
2020-10-0610:50:24,48,0,1
2020-10-0610:50:25,90,0,1
2020-10-0610:50:26,48,0,1
2020-10-0610:50:27,90,0,1
2020-10-0610:50:28,90,0,1
2020-10-0610:50:29,48,0,1
2020-10-0610:50:30,90,0,1
2020-10-0610:50:31,8,0,1
2020-10-0610:50:32,90,0,1
2020-10-0610:50:33,90,0,1
2020-10-0610:50:34,48,0,1
2020-10-0610:50:35,,0,1
2020-10-0610:50:36,,0,1
2020-10-0610:50:37,90,0,1
2020-10-0610:50:38,48,0,1
2020-10-0610:50:39,90,0,1
2020-10-0610:50:40,,0,1
2020-10-0610:50:41,90,0,1
2020-10-0610:50:42,90,0,1
2020-10-0610:50:43,90,0,1
2020-10-0610:50:44,48,0,1
2020-10-0610:50:45,90,0,1
2020-10-0610:50:46,90,0,1
2020-10-0610:50:47,90,0,1
2020-10-0610:50:48,90,0,1
2020-10-0610:50:49,90,0,1
2020-10-0610:50:50,91,0,1
2020-10-0610:50:51,90,0,1
2020-10-0610:50:52,90,0,1
2020-10-0610:50:53,8,0,1
2020-10-0610:50:54,90,0,1
2020-10-0610:50:55,,0,1
2020-10-0610:50:56,,0,1
2020-10-0610:50:57,,0,1
2020-10-0610:50:58,,0,1
2020-10-0610:50:59,,0,1
2020-10-0610:51:00,,0,1
2020-10-0610:51:01,,0,1
2020-10-0610:51:02,,0,1
2020-10-0610:51:03,,0,1
2020-10-0610:51:04,,0,1
2020-10-0610:51:05,,0,1
2020-10-0610:51:06,,0,1
2020-10-0610:51:07,,0,1
2020-10-0610:51:08,,0,1
2020-10-0610:51:09,,0,1
2020-10-0610:51:10,,0,1
2020-10-0610:51:11,,0,1
2020-10-0610:51:12,,0,1
2020-10-0610:51:13,,0,1
2020-10-0610:51:14,,0,1
2020-10-0610:51:15,,0,1
2020-10-0610:51:16,,0,1
2020-10-0610:51:17,,0,1
2020-10-0610:51:18,,0,1
2020-10-0610:51:19,,0,1
2020-10-0610:51:20,,0,1
2020-10-0610:51:21,,0,1
2020-10-0610:51:22,,0,1
2020-10-0610:51:23,,0,1
2020-10-0610:51:24,,0,1
2020-10-0610:51:25,,0,1
2020-10-0610:51:26,,0,1
2020-10-0610:51:27,,0,1
2020-10-0610:51:28,,0,1
2020-10-0610:51:29,,0,1
2020-10-0610:51:30,,0,1
2020-10-0610:51:31,,0,1
2020-10-0610:51:32,,0,1
2020-10-0610:51:33,,0,1
2020-10-0610:51:34,,0,1
2020-10-0610:51:35,,0,1
2020-10-0610:51:36,,0,1
2020-10-0610:51:37,,0,1
2020-10-0610:51:38,,0,1
2020-10-0610:51:39,,0,1
2020-10-0610:51:40,,0,1
2020-10-0610:51:41,,0,1
2020-10-0610:51:42,,0,1
2020-10-0610:51:43,,0,1
2020-10-0610:51:44,,0,1
2020-10-0610:51:45,,0,1
2020-10-0610:51:46,,0,1
2020-10-0610:51:47,,0,1
2020-10-0610:51:46,,0,1
2020-10-0610:51:49,,0,1
2020-10-0610:51:50,,0,1
2020-10-0610:51:51,,0,1
2020-10-0610:51:52,,0,1
2020-10-0610:51:53,,0,1
2020-10-0610:51:54,2,0,1
2020-10-0610:51:55,,0,1
2020-10-0610:51:56,,0,0
2020-10-0610:51:57,,0,0
2020-10-0610:51:58,,0,0
2020-10-0610:51:59,86,0,0
2020-10-0610:52:00,87,0,1
2020-10-0610:52:01,4,0,1
2020-10-0610:52:02,4,0,1
2020-10-0610:52:03,87,0,1
2020-10-0610:52:04,,0,1
2020-10-0610:52:05,,0,1
2020-10-0610:52:06,,0,1
2020-10-0610:52:07,,0,1
2020-10-0610:52:08,,0,1
2020-10-0610:52:09,,0,1
2020-10-0610:52:10,,0,1
2020-10-0610:52:11,90,0,1
2020-10-0610:52:12,90,0,1
2020-10-0610:52:13,90,0,1
2020-10-0610:52:14,90,0,1
2020-10-0610:52:15,48,0,1
2020-10-0610:52:16,,0,1
2020-10-0610:52:17,,0,1
2020-10-0610:52:18,91,0,1
2020-10-0610:52:19,90,0,1
2020-10-0610:52:20,90,0,1
2020-10-0610:52:21,,0,1
2020-10-0610:52:22,90,0,1
2020-10-0610:52:23,48,0,1
2020-10-0610:52:24,48,0,1
2020-10-0610:52:25,91,0,1
2020-10-0610:52:26,,0,1
2020-10-0610:52:27,90,0,1
2020-10-0610:52:28,90,0,1
2020-10-0610:52:29,,0,1
2020-10-0610:52:30,,0,1
2020-10-0610:52:31,,0,1
2020-10-0610:52:32,,0,1
2020-10-0610:52:33,90,0,1
2020-10-0610:52:34,90,0,1
2020-10-0610:52:35,8,0,1
2020-10-0610:52:36,,0,1
2020-10-0610:52:37,,0,1
2020-10-0610:52:38,,0,1
2020-10-0610:52:39,,0,1
2020-10-0610:52:40,,0,1
2020-10-0610:52:41,,0,1
2020-10-0610:52:42,,0,1
2020-10-0610:52:43,,0,1
2020-10-0610:52:44,88,0,1
2020-10-0610:52:45,,0,1
2020-10-0610:52:46,,0,1
2020-10-0610:52:47,,0,1
2020-10-0610:52:46,,0,1
2020-10-0610:52:49,,0,1
2020-10-0610:52:50,,0,1
2020-10-0610:52:51,,0,1
2020-10-0610:52:52,,0,1
2020-10-0610:52:53,,0,1
2020-10-0610:52:54,,0,1
2020-10-0610:52:55,,0,1
2020-10-0610:52:56,,0,1
2020-10-0610:52:57,,0,1
2020-10-0610:52:58,,0,1
2020-10-0610:52:59,,0,1
2020-10-0610:53:00,,0,1
2020-10-0610:53:01,,0,1
2020-10-0610:53:02,,0,1
2020-10-0610:53:03,,0,1
2020-10-0610:53:04,,0,1
2020-10-0610:53:05,,0,1
2020-10-0610:53:06,,0,1
2020-10-0610:53:07,,0,1
2020-10-0610:53:08,,0,1
2020-10-0610:53:09,85,0,1
2020-10-0610:53:10,,0,1
2020-10-0610:53:11,,0,0
2020-10-0610:53:12,,0,0
2020-10-0610:53:13,,0,0
2020-10-0610:53:14,,0,1
2020-10-0610:53:15,89,0,1
2020-10-0610:53:16,89,0,1
2020-10-0610:53:17,,0,1
2020-10-0610:53:18,90,0,1
2020-10-0610:53:19,90,0,1
2020-10-0610:53:20,8,0,1
2020-10-0610:53:21,90,0,1
2020-10-0610:53:22,8,0,1
2020-10-0610:53:23,,0,1
2020-10-0610:53:24,,0,1
2020-10-0610:53:25,,0,1
2020-10-0610:53:26,91,0,1
2020-10-0610:53:27,,0,1
2020-10-0610:53:28,90,0,1
2020-10-0610:53:29,48,0,1
2020-10-0610:53:30,90,0,1
2020-10-0610:53:31,90,0,1
2020-10-0610:53:32,,0,1
2020-10-0610:53:33,91,0,1
2020-10-0610:53:34,90,0,1
2020-10-0610:53:35,90,0,1
2020-10-0610:53:36,90,0,1
2020-10-0610:53:37,90,0,1
2020-10-0610:53:38,90,0,1
2020-10-0610:53:39,,0,1
2020-10-0610:53:40,90,0,1
2020-10-0610:53:41,48,0,1
2020-10-0610:53:42,48,0,1
2020-10-0610:53:43,,0,1
2020-10-0610:53:44,,0,1
2020-10-0610:53:45,90,0,1
2020-10-0610:53:46,90,0,1
2020-10-0610:53:47,90,0,1
2020-10-0610:53:46,90,0,1
2020-10-0610:53:49,48,0,1
2020-10-0610:53:50,90,0,1
2020-10-0610:53:51,48,0,1
2020-10-0610:53:52,90,0,1
2020-10-0610:53:53,,0,1
2020-10-0610:53:54,89,0,1
2020-10-0610:53:55,89,0,1
2020-10-0610:53:56,88,0,1
2020-10-0610:53:57,88,0,1
2020-10-0610:53:58,,0,1
2020-10-0610:53:59,88,0,1
2020-10-0610:54:00,88,0,1
2020-10-0610:54:01,4,0,1
2020-10-0610:54:02,87,0,1
2020-10-0610:54:03,4,0,1
2020-10-0610:54:04,87,0,1
2020-10-0610:54:05,87,0,1
2020-10-0610:54:06,86,0,1
2020-10-0610:54:07,86,0,1
2020-10-0610:54:08,86,0,1
2020-10-0610:54:09,86,0,1
2020-10-0610:54:10,86,0,1
2020-10-0610:54:11,4,0,1
2020-10-0610:54:12,87,0,1
2020-10-0610:54:13,4,0,1
2020-10-0610:54:14,4,0,1
2020-10-0610:54:15,87,0,1
2020-10-0610:54:16,,0,1
2020-10-0610:54:17,87,0,1
2020-10-0610:54:18,87,0,1
2020-10-0610:54:19,87,0,1
2020-10-0610:54:20,,0,1
2020-10-0610:54:21,4,0,1
2020-10-0610:54:22,87,0,1
2020-10-0610:54:23,4,0,1
2020-10-0610:54:24,87,0,1
2020-10-0610:54:25,4,0,1
2020-10-0610:54:26,87,0,1
2020-10-0610:54:27,86,0,1
2020-10-0610:54:28,86,0,1
2020-10-0610:54:29,3,0,1
2020-10-0610:54:30,86,0,1
2020-10-0610:54:31,86,0,1
2020-10-0610:54:32,86,0,1
2020-10-0610:54:33,5,0,1
2020-10-0610:54:34,86,0,1
2020-10-0610:54:35,86,0,1
2020-10-0610:54:36,86,0,1
2020-10-0610:54:37,86,0,1
2020-10-0610:54:38,86,0,1
2020-10-0610:54:39,86,0,1
2020-10-0610:54:40,86,0,1
2020-10-0610:54:41,86,0,1
2020-10-0610:54:42,86,0,1
2020-10-0610:54:43,86,0,1
2020-10-0610:54:44,85,0,1
2020-10-0610:54:45,85,0,1
2020-10-0610:54:46,85,0,1
2020-10-0610:54:47,85,0,1
2020-10-0610:54:48,5,0,1
2020-10-0610:54:49,85,0,1
2020-10-0610:54:50,85,0,1
2020-10-0610:54:51,,0,1
2020-10-0610:54:52,,0,1
2020-10-0610:54:53,,0,1
2020-10-0610:54:54,85,0,1
2020-10-0610:54:55,85,0,1
2020-10-0610:54:56,85,0,1
2020-10-0610:54:57,85,0,1
2020-10-0610:54:58,85,0,0
2020-10-0610:54:59,85,0,0
2020-10-0610:55:00,,0,0
2020-10-0610:55:01,,0,0
2020-10-0610:55:02,,0,0
2020-10-0610:55:03,,0,0
2020-10-0610:55:04,,0,0
2020-10-0610:55:05,83,0,0
2020-10-0610:55:06,83,0,0
2020-10-0610:55:07,,0,0
2020-10-0610:55:08,83,0,0
2020-10-0610:55:09,82,1,0
2020-10-0610:55:10,79,1,0
2020-10-0610:55:11,77,1,0
2020-10-0610:55:12,76,1,0
2020-10-0610:55:13,76,1,0
2020-10-0610:55:14,75,1,0
2020-10-0610:55:15,,1,0
2020-10-0610:55:16,,1,0
2020-10-0610:55:17,72,1,0
2020-10-0610:55:18,,1,0
2020-10-0610:55:19,48,1,0
2020-10-0610:55:20,69,1,0
2020-10-0610:55:21,68,0,0
2020-10-0610:55:22,,0,0
2020-10-0610:55:23,71,0,0
2020-10-0610:55:24,,0,0
2020-10-0610:55:25,76,0,0
2020-10-0610:55:26,78,0,0
2020-10-0610:55:27,,0,0
2020-10-0610:55:28,,0,0
2020-10-0610:55:29,,0,1
2020-10-0610:55:30,87,0,1
2020-10-0610:55:31,6,0,1
2020-10-0610:55:32,,0,1
2020-10-0610:55:33,89,0,1
2020-10-0610:55:34,89,0,1
2020-10-0610:55:35,89,0,1
2020-10-0610:55:36,28,0,1
2020-10-0610:55:37,48,0,1
2020-10-0610:55:38,48,0,1
2020-10-0610:55:39,90,0,1
2020-10-0610:55:40,48,0,1
2020-10-0610:55:41,48,0,1
2020-10-0610:55:42,89,0,1
2020-10-0610:55:43,87,0,1
2020-10-0610:55:44,84,0,0
2020-10-0610:55:45,79,0,1
2020-10-0610:55:46,76,0,0
2020-10-0610:55:47,,1,0
2020-10-0610:55:48,69,1,0
2020-10-0610:55:49,63,1,0
2020-10-0610:55:50,6,1,0
2020-10-0610:55:51,,0,0
2020-10-0610:55:52,,0,0
2020-10-0610:55:53,45,0,0
2020-10-0610:55:54,,0,0
2020-10-0610:55:55,38,0,0
2020-10-0610:55:56,,0,0
2020-10-0610:55:57,,0,0
2020-10-0610:55:58,4,0,0
2020-10-0610:55:59,24,0,0
2020-10-0610:56:00,,0,0
2020-10-0610:56:01,48,0,0
2020-10-0610:56:02,,0,0
2020-10-0610:56:03,18,0,0
2020-10-0610:56:04,18,0,0
2020-10-0610:56:05,,0,0
2020-10-0610:56:06,,0,0
2020-10-0610:56:07,16,0,0
2020-10-0610:56:08,,0,0
2020-10-0610:56:09,,0,0
2020-10-0610:56:10,,0,0
2020-10-0610:56:11,4,0,0
2020-10-0610:56:12,4,0,0
2020-10-0610:56:13,,0,0
2020-10-0610:56:14,,0,0
2020-10-0610:56:15,,0,0
2020-10-0610:56:16,,0,0
2020-10-0610:56:17,,0,0
2020-10-0610:56:18,,0,0
2020-10-0610:56:19,,0,0
2020-10-0610:56:20,,0,0
2020-10-0610:56:21,,0,0
2020-10-0610:56:22,,0,0
2020-10-0610:56:23,,0,0
2020-10-0610:56:24,,0,0
2020-10-0610:56:25,,0,0
2020-10-0610:56:26,,0,0
2020-10-0610:56:27,,0,0
2020-10-0610:56:28,,0,0
2020-10-0610:56:29,,0,0
2020-10-0610:56:30,,0,0
2020-10-0610:56:31,,0,0
2020-10-0610:56:32,,0,0
2020-10-0610:56:33,,0,0
2020-10-0610:56:34,,0,0
2020-10-0610:56:35,,0,0
2020-10-0610:56:36,,0,0
2020-10-0610:56:37,,0,0
2020-10-0610:56:38,,0,0
2020-10-0610:56:39,,0,0
2020-10-0610:56:40,,0,0
2020-10-0610:56:41,,0,0
2020-10-0610:56:42,,0,0
2020-10-0610:56:43,,0,0
2020-10-0610:56:44,,0,0
2020-10-0610:56:45,,0,0
2020-10-0610:56:46,,0,0
2020-10-0610:56:47,,0,0
2020-10-0610:56:48,,0,0
2020-10-0610:56:49,,0,0
2020-10-0610:56:50,,0,0
2020-10-0610:56:51,,0,0
2020-10-0610:56:52,,0,0
2020-10-0610:56:53,,0,0
2020-10-0610:56:54,,0,0
2020-10-0610:56:55,,0,0
2020-10-0610:56:56,,0,0
2020-10-0610:56:57,,0,0
2020-10-0610:56:58,,0,0
2020-10-0610:56:59,,0,0

