2020-10-0610:45:21,21,0,0
2020-10-0610:45:22,25,0,0
2020-10-0610:45:23,28,0,0
2020-10-0610:45:24,30,0,0
2020-10-0610:45:25,,0,0
2020-10-0610:45:26,35,0,0
2020-10-0610:45:27,36,0,0
2020-10-0610:45:28,,0,0
2020-10-0610:45:29,40,0,0
2020-10-0610:45:30,42,0,0
2020-10-0610:45:31,43,0,0
2020-10-0610:45:32,,0,0
2020-10-0610:45:33,,0,0
2020-10-0610:45:34,,0,0
2020-10-0610:45:35,44,0,0
2020-10-0610:45:36,,0,0
2020-10-0610:45:37,45,0,0
2020-10-0610:45:38,45,0,0
2020-10-0610:45:39,,0,0
2020-10-0610:45:40,43,0,0
2020-10-0610:45:41,42,0,0
2020-10-0610:45:42,40,0,0
2020-10-0610:45:43,,0,0
2020-10-0610:45:44,,0,0
2020-10-0610:45:45,30,0,0
2020-10-0610:45:46,30,0,0
2020-10-0610:45:47,,0,0
2020-10-0610:45:46,,0,0
2020-10-0610:45:49,34,0,0
2020-10-0610:45:50,4,0,0
2020-10-0610:45:51,,0,0
2020-10-0610:45:52,39,0,0
2020-10-0610:45:53,41,0,0
2020-10-0610:45:54,,0,0
2020-10-0610:45:55,43,0,0
2020-10-0610:45:56,,0,0
2020-10-0610:45:57,,0,0
2020-10-0610:45:58,,0,0
2020-10-0610:45:59,45,0,0
2020-10-0610:46:00,,0,0
2020-10-0610:46:01,42,0,0
2020-10-0610:46:02,38,0,0
2020-10-0610:46:03,35,0,0
2020-10-0610:46:04,,0,0
2020-10-0610:46:05,30,0,0
2020-10-0610:46:06,,0,0
2020-10-0610:46:07,30,0,0
2020-10-0610:46:08,4,0,0
2020-10-0610:46:09,36,0,0
2020-10-0610:46:10,39,0,0
2020-10-0610:46:11,43,0,0
2020-10-0610:46:12,48,0,0
2020-10-0610:46:13,96,0,0
2020-10-0610:46:14,62,0,0
2020-10-0610:46:15,59,0,0
2020-10-0610:46:16,,0,0
2020-10-0610:46:17,,0,0
2020-10-0610:46:18,4,0,0
2020-10-0610:46:19,70,0,0
2020-10-0610:46:20,65,0,0
2020-10-0610:46:21,60,1,0
2020-10-0610:46:22,,0,0
2020-10-0610:46:23,,0,0
2020-10-0610:46:24,,0,0
2020-10-0610:46:25,,0,0
2020-10-0610:46:26,,0,0
2020-10-0610:46:27,,0,0
2020-10-0610:46:28,35,0,0
2020-10-0610:46:29,28,0,0
2020-10-0610:46:30,20,0,0
2020-10-0610:46:31,,0,0
2020-10-0610:46:32,,0,0
2020-10-0610:46:33,,0,0
2020-10-0610:46:34,,0,0
2020-10-0610:46:35,,0,0
2020-10-0610:46:36,,0,0
2020-10-0610:46:37,,0,0
2020-10-0610:46:38,,0,0
2020-10-0610:46:39,,0,0
2020-10-0610:46:40,,0,0
2020-10-0610:46:41,,0,0
2020-10-0610:46:42,,0,0
2020-10-0610:46:43,,0,0
2020-10-0610:46:44,,0,0
2020-10-0610:46:45,,0,0
2020-10-0610:46:46,,0,0
2020-10-0610:46:47,,0,0
2020-10-0610:46:46,,0,0
2020-10-0610:46:49,,0,0
2020-10-0610:46:50,,0,0
2020-10-0610:46:51,,0,0
2020-10-0610:46:52,,0,0
2020-10-0610:46:53,,0,0
2020-10-0610:46:54,,0,0
2020-10-0610:46:55,,0,0
2020-10-0610:46:56,,0,0
2020-10-0610:46:57,,0,0
2020-10-0610:46:58,,0,0
2020-10-0610:46:59,,0,0
2020-10-0610:47:00,,0,0
2020-10-0610:47:01,,0,0
2020-10-0610:47:02,,0,0
2020-10-0610:47:03,,0,0
2020-10-0610:47:04,,0,0
2020-10-0610:47:05,15,0,0
2020-10-0610:47:06,7,0,0
2020-10-0610:47:07,,0,0
2020-10-0610:47:08,27,0,0
2020-10-0610:47:09,,0,0
2020-10-0610:47:10,,0,0
2020-10-0610:47:11,,0,0
2020-10-0610:47:12,40,0,0
2020-10-0610:47:13,,0,0
2020-10-0610:47:14,,0,0
2020-10-0610:47:15,37,0,0
2020-10-0610:47:16,36,0,0
2020-10-0610:47:17,,0,0
2020-10-0610:47:18,,0,0
2020-10-0610:47:19,,0,0
2020-10-0610:47:20,27,0,0
2020-10-0610:47:21,23,0,0
2020-10-0610:47:22,,0,0
2020-10-0610:47:23,,0,0
2020-10-0610:47:24,,0,0
2020-10-0610:47:25,,0,0
2020-10-0610:47:26,,0,0
2020-10-0610:47:27,,0,0
2020-10-0610:47:28,,0,0
2020-10-0610:47:29,,0,0
2020-10-0610:47:30,,0,0
2020-10-0610:47:31,39,0,0
2020-10-0610:47:32,,0,0
2020-10-0610:47:33,42,0,0
2020-10-0610:47:34,,0,0
2020-10-0610:47:35,,0,0
2020-10-0610:47:36,47,0,0
2020-10-0610:47:37,,0,0
2020-10-0610:47:38,,0,0
2020-10-0610:47:39,48,0,0
2020-10-0610:47:40,,0,0
2020-10-0610:47:41,46,0,0
2020-10-0610:47:42,47,0,0
2020-10-0610:47:43,,0,0
2020-10-0610:47:44,49,0,0
2020-10-0610:47:45,57,0,0
2020-10-0610:47:46,4,0,0
2020-10-0610:47:47,4,0,0
2020-10-0610:47:46,7,0,0
2020-10-0610:47:49,91,0,0
2020-10-0610:47:50,91,0,0
2020-10-0610:47:51,51,0,0
2020-10-0610:47:52,51,0,0
2020-10-0610:47:53,90,0,0
2020-10-0610:47:54,,0,0
2020-10-0610:47:55,49,0,0
2020-10-0610:47:56,,0,0
2020-10-0610:47:57,48,0,0
2020-10-0610:47:58,48,0,0
2020-10-0610:47:59,48,0,0
2020-10-0610:48:00,,0,0
2020-10-0610:48:01,,0,0
2020-10-0610:48:02,,0,0
2020-10-0610:48:03,,0,0
2020-10-0610:48:04,,0,0
2020-10-0610:48:05,42,0,0
2020-10-0610:48:06,41,0,0
2020-10-0610:48:07,,0,0
2020-10-0610:48:08,46,0,0
2020-10-0610:48:09,,0,0
2020-10-0610:48:10,,0,0
2020-10-0610:48:11,517,0,0
2020-10-0610:48:12,,0,0
2020-10-0610:48:13,,0,0
2020-10-0610:48:14,55,0,0
2020-10-0610:48:15,56,0,0
2020-10-0610:48:16,56,0,0
2020-10-0610:48:17,,0,1
2020-10-0610:48:18,,0,1
2020-10-0610:48:19,,0,1
2020-10-0610:48:20,60,0,1
2020-10-0610:48:21,60,0,1
2020-10-0610:48:22,8,0,1
2020-10-0610:48:23,60,0,1
2020-10-0610:48:24,61,0,1
2020-10-0610:48:25,,0,1
2020-10-0610:48:26,,0,0
2020-10-0610:48:27,65,0,0
2020-10-0610:48:28,,0,0
2020-10-0610:48:29,,0,0
2020-10-0610:48:30,69,0,1
2020-10-0610:48:31,71,0,0
2020-10-0610:48:32,,0,0
2020-10-0610:48:33,,0,1
2020-10-0610:48:34,,0,1
2020-10-0610:48:35,,0,1
2020-10-0610:48:36,,0,1
2020-10-0610:48:37,81,0,1
2020-10-0610:48:38,,0,1
2020-10-0610:48:39,,0,1
2020-10-0610:48:40,,0,1
2020-10-0610:48:41,,0,1
2020-10-0610:48:42,,0,1
2020-10-0610:48:43,,0,1
2020-10-0610:48:44,,0,1
2020-10-0610:48:45,,0,1
2020-10-0610:48:46,,0,1
2020-10-0610:48:47,,0,1
2020-10-0610:48:48,,0,1
2020-10-0610:48:49,69,0,1
2020-10-0610:48:50,67,0,1
2020-10-0610:48:51,,0,1
2020-10-0610:48:52,,0,1
2020-10-0610:48:53,,0,1
2020-10-0610:48:54,,0,1
2020-10-0610:48:55,,0,1
2020-10-0610:48:56,,0,1
2020-10-0610:48:57,,0,1
2020-10-0610:48:58,,0,1
2020-10-0610:48:59,,0,1
2020-10-0610:49:00,,0,1
2020-10-0610:49:01,,0,1
2020-10-0610:49:02,,0,1
2020-10-0610:49:03,,0,1
2020-10-0610:49:04,,0,1
2020-10-0610:49:05,4,0,1
2020-10-0610:49:06,67,0,1
2020-10-0610:49:07,4,0,1
2020-10-0610:49:08,67,0,1
2020-10-0610:49:09,68,0,1
2020-10-0610:49:10,,0,1
2020-10-0610:49:11,69,0,1
2020-10-0610:49:12,48,0,1
2020-10-0610:49:13,48,0,1
2020-10-0610:49:14,,0,1
2020-10-0610:49:15,71,0,1
2020-10-0610:49:16,,0,1
2020-10-0610:49:17,,0,1
2020-10-0610:49:18,,0,1
2020-10-0610:49:19,69,0,1
2020-10-0610:49:20,69,0,1
2020-10-0610:49:21,69,0,1
2020-10-0610:49:22,69,0,1
2020-10-0610:49:23,69,0,1
2020-10-0610:49:24,,0,1
2020-10-0610:49:25,,0,1
2020-10-0610:49:26,68,0,1
2020-10-0610:49:27,,0,1
2020-10-0610:49:28,67,0,1
2020-10-0610:49:29,,0,1
2020-10-0610:49:30,65,0,1
2020-10-0610:49:31,,0,1
2020-10-0610:49:32,,0,1
2020-10-0610:49:33,,0,1
2020-10-0610:49:34,,0,1
2020-10-0610:49:35,64,0,1
2020-10-0610:49:36,64,0,1
2020-10-0610:49:37,64,0,1
2020-10-0610:49:38,65,0,1
2020-10-0610:49:39,65,0,1
2020-10-0610:49:40,,0,1
2020-10-0610:49:41,68,0,1
2020-10-0610:49:42,,0,1
2020-10-0610:49:43,69,0,1
2020-10-0610:49:44,,0,1
2020-10-0610:49:45,68,0,1
2020-10-0610:49:46,,0,1
2020-10-0610:49:47,65,0,1
2020-10-0610:49:46,64,0,1
2020-10-0610:49:49,,0,1
2020-10-0610:49:50,,0,1
2020-10-0610:49:51,96,0,1
2020-10-0610:49:52,,0,1
2020-10-0610:49:53,52,0,1
2020-10-0610:49:54,53,0,1
2020-10-0610:49:55,,0,1
2020-10-0610:49:56,54,0,0
2020-10-0610:49:57,,0,0
2020-10-0610:49:58,,0,0
2020-10-0610:49:59,6,0,0
2020-10-0610:50:00,,0,0
2020-10-0610:50:01,,0,0
2020-10-0610:50:02,,0,0
2020-10-0610:50:03,60,0,1
2020-10-0610:50:04,61,0,1
2020-10-0610:50:05,63,0,1
2020-10-0610:50:06,64,0,1
2020-10-0610:50:07,,0,1
2020-10-0610:50:08,4,0,1
2020-10-0610:50:09,69,0,1
2020-10-0610:50:10,71,0,1
2020-10-0610:50:11,4,0,1
2020-10-0610:50:12,74,0,1
2020-10-0610:50:13,76,0,1
2020-10-0610:50:14,78,0,1
2020-10-0610:50:15,,0,1
2020-10-0610:50:16,,0,1
2020-10-0610:50:17,83,0,1
2020-10-0610:50:18,85,0,1
2020-10-0610:50:19,87,0,1
2020-10-0610:50:20,89,0,1
2020-10-0610:50:21,89,0,1
2020-10-0610:50:22,48,0,1
2020-10-0610:50:23,90,0,1
2020-10-0610:50:24,48,0,1
2020-10-0610:50:25,90,0,1
2020-10-0610:50:26,48,0,1
2020-10-0610:50:27,90,0,1
2020-10-0610:50:28,90,0,1
2020-10-0610:50:29,48,0,1
2020-10-0610:50:30,90,0,1
2020-10-0610:50:31,8,0,1
2020-10-0610:50:32,90,0,1
2020-10-0610:50:33,90,0,1
2020-10-0610:50:34,48,0,1
2020-10-0610:50:35,,0,1
2020-10-0610:50:36,,0,1
2020-10-0610:50:37,90,0,1
2020-10-0610:50:38,48,0,1
2020-10-0610:50:39,90,0,1
2020-10-0610:50:40,,0,1
2020-10-0610:50:41,90,0,1
2020-10-0610:50:42,90,0,1
2020-10-0610:50:43,90,0,1
2020-10-0610:50:44,48,0,1
2020-10-0610:50:45,90,0,1
2020-10-0610:50:46,90,0,1
2020-10-0610:50:47,90,0,1
2020-10-0610:50:48,90,0,1
2020-10-0610:50:49,90,0,1
2020-10-0610:50:50,91,0,1
2020-10-0610:50:51,90,0,1
2020-10-0610:50:52,90,0,1
2020-10-0610:50:53,8,0,1
2020-10-0610:50:54,90,0,1
2020-10-0610:50:55,,0,1
2020-10-0610:50:56,,0,1
2020-10-0610:50:57,,0,1
2020-10-0610:50:58,,0,1
2020-10-0610:50:59,,0,1
2020-10-0610:51:00,,0,1
2020-10-0610:51:01,,0,1
2020-10-0610:51:02,,0,1
2020-10-0610:51:03,,0,1
2020-10-0610:51:04,,0,1
2020-10-0610:51:05,,0,1
2020-10-0610:51:06,,0,1
2020-10-0610:51:07,,0,1
2020-10-0610:51:08,,0,1
2020-10-0610:51:09,,0,1
2020-10-0610:51:10,,0,1
2020-10-0610:51:11,,0,1
2020-10-0610:51:12,,0,1
2020-10-0610:51:13,,0,1
2020-10-0610:51:14,,0,1
2020-10-0610:51:15,,0,1
2020-10-0610:51:16,,0,1
2020-10-0610:51:17,,0,1
2020-10-0610:51:18,,0,1
2020-10-0610:51:19,,0,1
2020-10-0610:51:20,,0,1
2020-10-0610:51:21,,0,1
2020-10-0610:51:22,,0,1
2020-10-0610:51:23,,0,1
2020-10-0610:51:24,,0,1
2020-10-0610:51:25,,0,1
2020-10-0610:51:26,,0,1
2020-10-0610:51:27,,0,1
2020-10-0610:51:28,,0,1
2020-10-0610:51:29,,0,1
2020-10-0610:51:30,,0,1
2020-10-0610:51:31,,0,1
2020-10-0610:51:32,,0,1
2020-10-0610:51:33,,0,1
2020-10-0610:51:34,,0,1
2020-10-0610:51:35,,0,1
2020-10-0610:51:36,,0,1
2020-10-0610:51:37,,0,1
2020-10-0610:51:38,,0,1
2020-10-0610:51:39,,0,1
2020-10-0610:51:40,,0,1
2020-10-0610:51:41,,0,1
2020-10-0610:51:42,,0,1
2020-10-0610:51:43,,0,1
2020-10-0610:51:44,,0,1
2020-10-0610:51:45,,0,1
2020-10-0610:51:46,,0,1
2020-10-0610:51:47,,0,1
2020-10-0610:51:46,,0,1
2020-10-0610:51:49,,0,1
2020-10-0610:51:50,,0,1
2020-10-0610:51:51,,0,1
2020-10-0610:51:52,,0,1
2020-10-0610:51:53,,0,1
2020-10-0610:51:54,2,0,1
2020-10-0610:51:55,,0,1
2020-10-0610:51:56,,0,0
2020-10-0610:51:57,,0,0
2020-10-0610:51:58,,0,0
2020-10-0610:51:59,86,0,0
2020-10-0610:52:00,87,0,1
2020-10-0610:52:01,4,0,1
2020-10-0610:52:02,4,0,1
2020-10-0610:52:03,87,0,1
2020-10-0610:52:04,,0,1
2020-10-0610:52:05,,0,1
2020-10-0610:52:06,,0,1
2020-10-0610:52:07,,0,1
2020-10-0610:52:08,,0,1
2020-10-0610:52:09,,0,1
2020-10-0610:52:10,,0,1
2020-10-0610:52:11,90,0,1
2020-10-0610:52:12,90,0,1
2020-10-0610:52:13,90,0,1
2020-10-0610:52:14,90,0,1
2020-10-0610:52:15,48,0,1
2020-10-0610:52:16,,0,1
2020-10-0610:52:17,,0,1
2020-10-0610:52:18,91,0,1
2020-10-0610:52:19,90,0,1
2020-10-0610:52:20,90,0,1
2020-10-0610:52:21,,0,1
2020-10-0610:52:22,90,0,1
2020-10-0610:52:23,48,0,1
2020-10-0610:52:24,48,0,1
2020-10-0610:52:25,91,0,1
2020-10-0610:52:26,,0,1
2020-10-0610:52:27,90,0,1
2020-10-0610:52:28,90,0,1
2020-10-0610:52:29,,0,1
2020-10-0610:52:30,,0,1
2020-10-0610:52:31,,0,1
2020-10-0610:52:32,,0,1
2020-10-0610:52:33,90,0,1
2020-10-0610:52:34,90,0,1
2020-10-0610:52:35,8,0,1
2020-10-0610:52:36,,0,1
2020-10-0610:52:37,,0,1
2020-10-0610:52:38,,0,1
2020-10-0610:52:39,,0,1
2020-10-0610:52:40,,0,1
2020-10-0610:52:41,,0,1
2020-10-0610:52:42,,0,1
2020-10-0610:52:43,,0,1
2020-10-0610:52:44,88,0,1
2020-10-0610:52:45,,0,1
2020-10-0610:52:46,,0,1
2020-10-0610:52:47,,0,1
2020-10-0610:52:46,,0,1
2020-10-0610:52:49,,0,1
2020-10-0610:52:50,,0,1
2020-10-0610:52:51,,0,1
2020-10-0610:52:52,,0,1
2020-10-0610:52:53,,0,1
2020-10-0610:52:54,,0,1
2020-10-0610:52:55,,0,1
2020-10-0610:52:56,,0,1
2020-10-0610:52:57,,0,1
2020-10-0610:52:58,,0,1
2020-10-0610:52:59,,0,1
2020-10-0610:53:00,,0,1
2020-10-0610:53:01,,0,1
2020-10-0610:53:02,,0,1
2020-10-0610:53:03,,0,1
2020-10-0610:53:04,,0,1
2020-10-0610:53:05,,0,1
2020-10-0610:53:06,,0,1
2020-10-0610:53:07,,0,1
2020-10-0610:53:08,,0,1
2020-10-0610:53:09,85,0,1
2020-10-0610:53:10,,0,1
2020-10-0610:53:11,,0,0
2020-10-0610:53:12,,0,0
2020-10-0610:53:13,,0,0
2020-10-0610:53:14,,0,1
2020-10-0610:53:15,89,0,1
2020-10-0610:53:16,89,0,1
2020-10-0610:53:17,,0,1
2020-10-0610:53:18,90,0,1
2020-10-0610:53:19,90,0,1
2020-10-0610:53:20,8,0,1
2020-10-0610:53:21,90,0,1
2020-10-0610:53:22,8,0,1
2020-10-0610:53:23,,0,1
2020-10-0610:53:24,,0,1
2020-10-0610:53:25,,0,1
2020-10-0610:53:26,91,0,1
2020-10-0610:53:27,,0,1
2020-10-0610:53:28,90,0,1
2020-10-0610:53:29,48,0,1
2020-10-0610:53:30,90,0,1
2020-10-0610:53:31,90,0,1
2020-10-0610:53:32,,0,1
2020-10-0610:53:33,91,0,1
2020-10-0610:53:34,90,0,1
2020-10-0610:53:35,90,0,1
2020-10-0610:53:36,90,0,1
,90,0,1
2020-10-0610:53:38,90,0,1
2020-10-0610:53:39,,0,1
2020-10-0610:53:40,90,0,1
2020-10-0610:53:41,48,0,1
2020-10-0610:53:42,48,0,1
2020-10-0610:53:43,,0,1
2020-10-0610:53:44,,0,1
2020-10-0610:53:45,90,0,1
2020-10-0610:53:46,90,0,1
2020-10-0610:53:47,90,0,1
2020-10-0610:53:46,90,0,1
2020-10-0610:53:49,48,0,1
2020-10-0610:53:50,90,0,1
2020-10-0610:53:51,48,0,1
2020-10-0610:53:52,90,0,1
2020-10-0610:53:53,,0,1
2020-10-0610:53:54,89,0,1
2020-10-0610:53:55,89,0,1
2020-10-0610:53:56,88,0,1
2020-10-0610:53:57,88,0,1
2020-10-0610:53:58,,0,1
2020-10-0610:53:59,88,0,1
2020-10-0610:54:00,88,0,1
2020-10-0610:54:01,4,0,1
2020-10-0610:54:02,87,0,1
2020-10-0610:54:03,4,0,1
2020-10-0610:54:04,87,0,1
2020-10-0610:54:05,87,0,1
2020-10-0610:54:06,86,0,1
2020-10-0610:54:07,86,0,1
2020-10-0610:54:08,86,0,1
2020-10-0610:54:09,86,0,1
2020-10-0610:54:10,86,0,1
2020-10-0610:54:11,4,0,1
2020-10-0610:54:12,87,0,1
2020-10-0610:54:13,4,0,1
2020-10-0610:54:14,4,0,1
2020-10-0610:54:15,87,0,1
2020-10-0610:54:16,,0,1
2020-10-0610:54:17,87,0,1
2020-10-0610:54:18,87,0,1
2020-10-0610:54:19,87,0,1
2020-10-0610:54:20,,0,1
2020-10-0610:54:21,4,0,1
2020-10-0610:54:22,87,0,1
2020-10-0610:54:23,4,0,1
2020-10-0610:54:24,87,0,1
2020-10-0610:54:25,4,0,1
2020-10-0610:54:26,87,0,1
2020-10-0610:54:27,86,0,1
2020-10-0610:54:28,86,0,1
2020-10-0610:54:29,3,0,1
2020-10-0610:54:30,86,0,1
2020-10-0610:54:31,86,0,1
2020-10-0610:54:32,86,0,1
2020-10-0610:54:33,5,0,1
2020-10-0610:54:34,86,0,1
2020-10-0610:54:35,86,0,1
2020-10-0610:54:36,86,0,1
2020-10-0610:54:37,86,0,1
2020-10-0610:54:38,86,0,1
2020-10-0610:54:39,86,0,1
2020-10-0610:54:40,86,0,1
2020-10-0610:54:41,86,0,1
2020-10-0610:54:42,86,0,1
2020-10-0610:54:43,86,0,1
2020-10-0610:54:44,85,0,1
2020-10-0610:54:45,85,0,1
2020-10-0610:54:46,85,0,1
2020-10-0610:54:47,85,0,1
2020-10-0610:54:48,5,0,1
2020-10-0610:54:49,85,0,1
2020-10-0610:54:50,85,0,1
2020-10-0610:54:51,,0,1
2020-10-0610:54:52,,0,1
2020-10-0610:54:53,,0,1
2020-10-0610:54:54,85,0,1
2020-10-0610:54:55,85,0,1
2020-10-0610:54:56,85,0,1
2020-10-0610:54:57,85,0,1
2020-10-0610:54:58,85,0,0
2020-10-0610:54:59,85,0,0
2020-10-0610:55:00,,0,0
2020-10-0610:55:01,,0,0
2020-10-0610:55:02,,0,0
2020-10-0610:55:03,,0,0
2020-10-0610:55:04,,0,0
2020-10-0610:55:05,83,0,0
2020-10-0610:55:06,83,0,0
2020-10-0610:55:07,,0,0
2020-10-0610:55:08,83,0,0
2020-10-0610:55:09,82,1,0
2020-10-0610:55:10,79,1,0
2020-10-0610:55:11,77,1,0
2020-10-0610:55:12,76,1,0
2020-10-0610:55:13,76,1,0
2020-10-0610:55:14,75,1,0
2020-10-0610:55:15,,1,0
2020-10-0610:55:16,,1,0
2020-10-0610:55:17,72,1,0
2020-10-0610:55:18,,1,0
2020-10-0610:55:19,48,1,0
2020-10-0610:55:20,69,1,0
2020-10-0610:55:21,68,0,0
2020-10-0610:55:22,,0,0
2020-10-0610:55:23,71,0,0
2020-10-0610:55:24,,0,0
2020-10-0610:55:25,76,0,0
2020-10-0610:55:26,78,0,0
2020-10-0610:55:27,,0,0
2020-10-0610:55:28,,0,0
2020-10-0610:55:29,,0,1
2020-10-0610:55:30,87,0,1
2020-10-0610:55:31,6,0,1
2020-10-0610:55:32,,0,1
2020-10-0610:55:33,89,0,1
2020-10-0610:55:34,89,0,1
2020-10-0610:55:35,89,0,1
2020-10-0610:55:36,28,0,1
2020-10-0610:55:37,48,0,1
2020-10-0610:55:38,48,0,1
2020-10-0610:55:39,90,0,1
2020-10-0610:55:40,48,0,1
2020-10-0610:55:41,48,0,1
2020-10-0610:55:42,89,0,1
2020-10-0610:55:43,87,0,1
2020-10-0610:55:44,84,0,0
2020-10-0610:55:45,79,0,1
2020-10-0610:55:46,76,0,0
2020-10-0610:55:47,,1,0
2020-10-0610:55:48,69,1,0
2020-10-0610:55:49,63,1,0
2020-10-0610:55:50,6,1,0
2020-10-0610:55:51,,0,0
2020-10-0610:55:52,,0,0
2020-10-0610:55:53,45,0,0
2020-10-0610:55:54,,0,0
2020-10-0610:55:55,38,0,0
2020-10-0610:55:56,,0,0
2020-10-0610:55:57,,0,0
2020-10-0610:55:58,4,0,0
2020-10-0610:55:59,24,0,0
2020-10-0610:56:00,,0,0
2020-10-0610:56:01,48,0,0
2020-10-0610:56:02,,0,0
2020-10-0610:56:03,18,0,0
2020-10-0610:56:04,18,0,0
2020-10-0610:56:05,,0,0
2020-10-0610:56:06,,0,0
2020-10-0610:56:07,16,0,0
2020-10-0610:56:08,,0,0
2020-10-0610:56:09,,0,0
2020-10-0610:56:10,,0,0
2020-10-0610:56:11,4,0,0
2020-10-0610:56:12,4,0,0
2020-10-0610:56:13,,0,0
2020-10-0610:56:14,,0,0
2020-10-0610:56:15,,0,0
2020-10-0610:56:16,,0,0
2020-10-0610:56:17,,0,0
2020-10-0610:56:18,,0,0
2020-10-0610:56:19,,0,0
2020-10-0610:56:20,,0,0
2020-10-0610:56:21,,0,0
2020-10-0610:56:22,,0,0
2020-10-0610:56:23,,0,0
2020-10-0610:56:24,,0,0
2020-10-0610:56:25,,0,0
2020-10-0610:56:26,,0,0
2020-10-0610:56:27,,0,0
2020-10-0610:56:28,,0,0
2020-10-0610:56:29,,0,0
2020-10-0610:56:30,,0,0
2020-10-0610:56:31,,0,0
2020-10-0610:56:32,,0,0
2020-10-0610:56:33,,0,0
2020-10-0610:56:34,,0,0
2020-10-0610:56:35,,0,0
2020-10-0610:56:36,,0,0
2020-10-0610:56:37,,0,0
2020-10-0610:56:38,,0,0
2020-10-0610:56:39,,0,0
2020-10-0610:56:40,,0,0
2020-10-0610:56:41,,0,0
2020-10-0610:56:42,,0,0
2020-10-0610:56:43,,0,0
2020-10-0610:56:44,,0,0
2020-10-0610:56:45,,0,0
2020-10-0610:56:46,,0,0
2020-10-0610:56:47,,0,0
2020-10-0610:56:48,,0,0
2020-10-0610:56:49,,0,0
2020-10-0610:56:50,,0,0
2020-10-0610:56:51,,0,0
2020-10-0610:56:52,,0,0
2020-10-0610:56:53,,0,0
2020-10-0610:56:54,,0,0
2020-10-0610:56:55,,0,0
2020-10-0610:56:56,,0,0
2020-10-0610:56:57,,0,0
2020-10-0610:56:58,,0,0
2020-10-0610:56:59,,0,0
2020-10-0610:57:00,,0,0
2020-10-0610:57:01,,0,0
2020-10-0610:57:02,,0,0
2020-10-0610:57:03,,0,0
2020-10-0610:57:04,,0,0
2020-10-0610:57:05,,0,0
2020-10-0610:57:06,,0,0
2020-10-0610:57:07,,0,0
2020-10-0610:57:08,,0,0
2020-10-0610:57:09,,0,0
2020-10-0610:57:10,,0,0
2020-10-0610:57:11,,0,0
2020-10-0610:57:12,,0,0
2020-10-0610:57:13,,0,0
2020-10-0610:57:14,,0,0
2020-10-0610:57:15,,0,0
2020-10-0610:57:16,,0,0
2020-10-0610:57:17,,0,0
2020-10-0610:57:18,,0,0
2020-10-0610:57:19,,0,0
2020-10-0610:57:20,,0,0
2020-10-0610:57:21,,0,0
2020-10-0610:57:22,,0,0
2020-10-0610:57:23,,0,0
2020-10-0610:57:24,,0,0
2020-10-0610:57:25,,0,0
2020-10-0610:57:26,,0,0
2020-10-0610:57:27,,0,0
2020-10-0610:57:28,,0,0
2020-10-0610:57:29,,0,0
2020-10-0610:57:30,,0,0
2020-10-0610:57:31,,0,0
2020-10-0610:57:32,,0,0
2020-10-0610:57:33,,0,0
2020-10-0610:57:34,,0,0
2020-10-0610:57:35,,0,0
2020-10-0610:57:36,,0,0
2020-10-0610:57:37,,0,0
2020-10-0610:57:38,,0,0
2020-10-0610:57:39,,0,0
2020-10-0610:57:40,,0,0
2020-10-0610:57:41,,0,0
2020-10-0610:57:42,,0,0
2020-10-0610:57:43,,0,0
2020-10-0610:57:44,,0,0
2020-10-0610:57:45,,0,0
2020-10-0610:57:46,,0,0
2020-10-0610:57:47,,0,0
2020-10-0610:57:48,,0,0
2020-10-0610:57:49,,0,0
2020-10-0610:57:50,,0,0
2020-10-0610:57:51,,0,0
2020-10-0610:57:52,,0,0
2020-10-0610:57:53,,0,0
2020-10-0610:57:54,,0,0
2020-10-0610:57:55,,0,0
2020-10-0610:57:56,,0,0
2020-10-0610:57:57,,0,0
2020-10-0610:57:58,,0,0
2020-10-0610:57:59,,0,0
2020-10-0610:58:00,,0,0
2020-10-0610:58:01,,0,0
2020-10-0610:58:02,,0,0
2020-10-0610:58:03,,0,0
2020-10-0610:58:04,,0,0
2020-10-0610:58:05,,0,1
2020-10-0610:58:06,,0,1
2020-10-0610:58:07,,0,0
2020-10-0610:58:08,,0,0
2020-10-0610:58:09,,0,0
2020-10-0610:58:10,,0,0
2020-10-0610:58:11,,0,0
2020-10-0610:58:12,,0,0
2020-10-0610:58:13,,0,0
2020-10-0610:58:14,,0,0
2020-10-0610:58:15,,0,0
2020-10-0610:58:16,,0,0
2020-10-0610:58:17,,0,0
2020-10-0610:58:18,,0,0
2020-10-0610:58:19,,0,0
2020-10-0610:58:20,,0,0
2020-10-0610:58:21,,0,0
2020-10-0610:58:22,,0,0
2020-10-0610:58:23,,0,0
2020-10-0610:58:24,,0,0
2020-10-0610:58:25,,0,0
2020-10-0610:58:26,,0,0
2020-10-0610:58:27,,0,0
2020-10-0610:58:28,,0,0
2020-10-0610:58:29,,0,0
2020-10-0610:58:30,,0,0
2020-10-0610:58:31,,0,0
2020-10-0610:58:32,,0,0
2020-10-0610:58:33,,0,0
2020-10-0610:58:34,,0,0
2020-10-0610:58:35,,0,0
2020-10-0610:58:36,,0,0
2020-10-0610:58:37,,0,0
2020-10-0610:58:38,,0,0
2020-10-0610:58:39,,0,0
2020-10-0610:58:40,,0,0
2020-10-0610:58:41,,0,0
2020-10-0610:58:42,,0,0
2020-10-0610:58:43,,0,0
2020-10-0610:58:44,,0,0
2020-10-0610:58:45,,0,0
2020-10-0610:58:46,,0,0
2020-10-0610:58:47,,0,0
2020-10-0610:58:48,,0,0
2020-10-0610:58:49,,0,0
2020-10-0610:58:50,,0,0
2020-10-0610:58:51,,0,0
2020-10-0610:58:52,,0,0
2020-10-0610:58:53,,0,0
2020-10-0610:58:54,,0,0
2020-10-0610:58:55,,0,0
2020-10-0610:58:56,,0,0
2020-10-0610:58:57,,0,0
2020-10-0610:58:58,,0,0
2020-10-0610:58:59,,0,0
2020-10-0610:59:00,,0,0
2020-10-0610:59:01,,0,0
2020-10-0610:59:02,,0,0
2020-10-0610:59:03,,0,0
2020-10-0610:59:04,,0,0
2020-10-0610:59:05,,0,0
2020-10-0610:59:06,,0,0
2020-10-0610:59:07,,0,0
2020-10-0610:59:08,,0,0
2020-10-0610:59:09,,0,0
2020-10-0610:59:10,,0,0
2020-10-0610:59:11,,0,0
2020-10-0610:59:12,,0,0
2020-10-0610:59:13,,0,0
2020-10-0610:59:14,,0,0
2020-10-0610:59:15,,0,0
2020-10-0610:59:16,,0,0
2020-10-0610:59:17,,0,0
2020-10-0610:59:18,,0,0
2020-10-0610:59:19,,0,0
2020-10-0610:59:20,,0,0
2020-10-0610:59:21,,0,0
2020-10-0610:59:22,,0,0
2020-10-0610:59:23,,0,0
2020-10-0610:59:24,,0,0
2020-10-0610:59:25,,0,0
2020-10-0610:59:26,,0,0
2020-10-0610:59:27,,0,0
2020-10-0610:59:28,,0,0
2020-10-0610:59:29,,0,0
2020-10-0610:59:30,,0,0
2020-10-0610:59:31,,0,0
2020-10-0610:59:32,,0,0
2020-10-0610:59:33,,0,0
2020-10-0610:59:34,,0,0
2020-10-0610:59:35,,0,0
2020-10-0610:59:36,,0,0
2020-10-0610:59:37,,0,0
2020-10-0610:59:38,,0,0
2020-10-0610:59:39,,0,0
2020-10-0610:59:40,,0,0
2020-10-0610:59:41,,0,0
2020-10-0610:59:42,,0,0
2020-10-0610:59:43,,0,0
2020-10-0610:59:44,,0,0
2020-10-0610:59:45,,0,0
2020-10-0610:59:46,,0,0
2020-10-0610:59:47,,0,0
2020-10-0610:59:48,,0,0
2020-10-0610:59:49,,0,0
2020-10-0610:59:50,,0,0
2020-10-0610:59:51,,0,0
2020-10-0610:59:52,,0,0
2020-10-0610:59:53,,0,0
2020-10-0610:59:54,,0,0
2020-10-0610:59:55,,0,0
2020-10-0610:59:56,,0,0
2020-10-0610:59:57,,0,0
2020-10-0610:59:58,,0,0
2020-10-0610:59:59,,0,0
2020-10-0611:00:00,,0,0
2020-10-0611:00:01,,0,0
2020-10-0611:00:02,,0,0
2020-10-0611:00:03,,0,0
2020-10-0611:00:04,,0,0
2020-10-0611:00:05,,0,0
2020-10-0611:00:06,,0,0
2020-10-0611:00:07,,0,0
2020-10-0611:00:08,,0,0
2020-10-0611:00:09,,0,0
2020-10-0611:00:10,,0,0
2020-10-0611:00:11,,0,0
2020-10-0611:00:12,,0,0
2020-10-0611:00:13,,0,0
2020-10-0611:00:14,,0,0
2020-10-0611:00:15,,0,0
2020-10-0611:00:16,,0,0
2020-10-0611:00:17,,0,0
2020-10-0611:00:18,,0,0
2020-10-0611:00:19,,0,0
2020-10-0611:00:20,,0,0
2020-10-0611:00:21,,0,0
2020-10-0611:00:22,,0,0
2020-10-0611:00:23,,0,0
2020-10-0611:00:24,,0,0
2020-10-0611:00:25,,0,0
2020-10-0611:00:26,,0,0
2020-10-0611:00:27,,0,0
2020-10-0611:00:28,,0,0
2020-10-0611:00:29,,0,0
2020-10-0611:00:30,,0,0
2020-10-0611:00:31,,0,0
2020-10-0611:00:32,,0,0
2020-10-0611:00:33,,0,0
2020-10-0611:00:34,,0,0
2020-10-0611:00:35,,0,0
2020-10-0611:00:36,,0,0
2020-10-0611:00:37,,0,0
2020-10-0611:00:38,,0,0
2020-10-0611:00:39,,0,0
2020-10-0611:00:40,,0,0
2020-10-0611:00:41,,0,0
2020-10-0611:00:42,,0,0
2020-10-0611:00:43,,0,0
2020-10-0611:00:44,,0,0
2020-10-0611:00:45,,0,0
2020-10-0611:00:46,,0,0
2020-10-0611:00:47,,0,0
2020-10-0611:00:46,,0,0
2020-10-0611:00:49,,0,0
2020-10-0611:00:50,,0,0
2020-10-0611:00:51,,0,0
2020-10-0611:00:52,,0,0
2020-10-0611:00:53,,0,0
2020-10-0611:00:54,,0,0
2020-10-0611:00:55,,0,0
2020-10-0611:00:56,,0,0
2020-10-0611:00:57,,0,0
2020-10-0611:00:58,,0,0
2020-10-0611:00:59,,0,0
2020-10-0611:01:00,,0,0
2020-10-0611:01:01,,0,0
2020-10-0611:01:02,,0,0
2020-10-0611:01:03,,0,0
2020-10-0611:01:04,,0,0
2020-10-0611:01:05,,0,0
2020-10-0611:01:06,,0,0
2020-10-0611:01:07,,0,0
2020-10-0611:01:08,,0,0
2020-10-0611:01:09,,0,0
2020-10-0611:01:10,,0,0
2020-10-0611:01:11,,0,0
2020-10-0611:01:12,,0,0
2020-10-0611:01:13,,0,0
2020-10-0611:01:14,,0,0
2020-10-0611:01:15,,0,0
2020-10-0611:01:16,,0,0
2020-10-0611:01:17,,0,0
2020-10-0611:01:18,,0,0
2020-10-0611:01:19,,0,0
2020-10-0611:01:20,,0,0
2020-10-0611:01:21,,0,0
2020-10-0611:01:22,,0,0
2020-10-0611:01:23,,0,0
2020-10-0611:01:24,,0,0
2020-10-0611:01:25,,0,0
2020-10-0611:01:26,,0,0
2020-10-0611:01:27,,0,0
2020-10-0611:01:28,,0,0
2020-10-0611:01:29,,0,0
2020-10-0611:01:30,,0,0
2020-10-0611:01:31,,0,0
2020-10-0611:01:32,,0,0
2020-10-0611:01:33,,0,0
2020-10-0611:01:34,,0,0
2020-10-0611:01:35,,0,0
2020-10-0611:01:36,,0,0
2020-10-0611:01:37,,0,0
2020-10-0611:01:38,,0,0
2020-10-0611:01:39,,0,0
2020-10-0611:01:40,,0,0
2020-10-0611:01:41,,0,0
2020-10-0611:01:42,,0,0
2020-10-0611:01:43,,0,0
2020-10-0611:01:44,,0,0
2020-10-0611:01:45,,0,0
2020-10-0611:01:46,,0,0
2020-10-0611:01:47,,0,0
2020-10-0611:01:48,,0,0
2020-10-0611:01:49,,0,0
2020-10-0611:01:50,,0,0
2020-10-0611:01:51,,0,0
2020-10-0611:01:52,,0,0
2020-10-0611:01:53,,0,0
2020-10-0611:01:54,,0,0
2020-10-0611:01:55,,0,0
2020-10-0611:01:56,,0,0
2020-10-0611:01:57,,0,0
2020-10-0611:01:58,,0,0
2020-10-0611:01:59,,0,0
2020-10-0611:02:00,,0,0
2020-10-0611:02:01,,0,0
2020-10-0611:02:02,,0,0
2020-10-0611:02:03,,0,0
2020-10-0611:02:04,,0,0
2020-10-0611:02:05,,0,0
2020-10-0611:02:06,,0,0
2020-10-0611:02:07,,0,0
2020-10-0611:02:08,,0,0
2020-10-0611:02:09,,0,0
2020-10-0611:02:10,,0,0
2020-10-0611:02:11,,0,0
2020-10-0611:02:12,,0,0
2020-10-0611:02:13,,0,0
2020-10-0611:02:14,,0,0
2020-10-0611:02:15,,0,0
2020-10-0611:02:16,,0,0
2020-10-0611:02:17,,0,0
2020-10-0611:02:18,,0,0
2020-10-0611:02:19,,0,0
2020-10-0611:02:20,,0,0
2020-10-0611:02:21,,0,0
2020-10-0611:02:22,,0,0
2020-10-0611:02:23,,0,0
2020-10-0611:02:24,,0,0
2020-10-0611:02:25,,0,0
2020-10-0611:02:26,,0,0
2020-10-0611:02:27,,0,0
2020-10-0611:02:28,,0,0
2020-10-0611:02:29,,0,0
2020-10-0611:02:30,,0,0
2020-10-0611:02:31,,0,0
2020-10-0611:02:32,,0,0
2020-10-0611:02:33,,0,0
2020-10-0611:02:34,,0,0
2020-10-0611:02:35,,0,0
2020-10-0611:02:36,,0,0
2020-10-0611:02:37,,0,0
2020-10-0611:02:38,,0,0
2020-10-0611:02:39,,0,0
2020-10-0611:02:40,,0,0
2020-10-0611:02:41,,0,0
2020-10-0611:02:42,,0,0
2020-10-0611:02:43,,0,0
2020-10-0611:02:44,,0,0
2020-10-0611:02:45,,0,0
2020-10-0611:02:46,,0,0
2020-10-0611:02:47,,0,0
2020-10-0611:02:48,,0,0
2020-10-0611:02:49,,0,0
2020-10-0611:02:50,,0,0
2020-10-0611:02:51,,0,0
2020-10-0611:02:52,,0,0
2020-10-0611:02:53,,0,0
2020-10-0611:02:54,,0,0
2020-10-0611:02:55,,0,0
2020-10-0611:02:56,,0,0
2020-10-0611:02:57,,0,0
2020-10-0611:02:58,,0,0
2020-10-0611:02:59,,0,0
2020-10-0611:03:00,,0,0
2020-10-0611:03:01,,0,0
2020-10-0611:03:02,,0,0
2020-10-0611:03:03,,0,0
2020-10-0611:03:04,,0,0
2020-10-0611:03:05,,0,0
2020-10-0611:03:06,,0,0
2020-10-0611:03:07,,0,0
2020-10-0611:03:08,,0,0
2020-10-0611:03:09,,0,0
2020-10-0611:03:10,,0,0
2020-10-0611:03:11,,0,0
2020-10-0611:03:12,,0,0
2020-10-0611:03:13,,0,0
2020-10-0611:03:14,,0,0
2020-10-0611:03:15,,0,0
2020-10-0611:03:16,,0,0
2020-10-0611:03:17,,0,0
2020-10-0611:03:18,,0,0
2020-10-0611:03:19,,0,0
2020-10-0611:03:20,,0,0
2020-10-0611:03:21,,0,0
2020-10-0611:03:22,,0,0
2020-10-0611:03:23,,0,0
2020-10-0611:03:24,,0,0
2020-10-0611:03:25,,0,0
2020-10-0611:03:26,,0,0
2020-10-0611:03:27,,0,0
2020-10-0611:03:28,,0,0
2020-10-0611:03:29,,0,0
2020-10-0611:03:30,,0,0
2020-10-0611:03:31,,0,0
2020-10-0611:03:32,,0,0
2020-10-0611:03:33,,0,0
2020-10-0611:03:34,,0,0
2020-10-0611:03:35,,0,0
2020-10-0611:03:36,,0,0
2020-10-0611:03:37,,0,0
2020-10-0611:03:38,,0,0
2020-10-0611:03:39,,0,0
2020-10-0611:03:40,,0,0
2020-10-0611:03:41,,0,0
2020-10-0611:03:42,,0,0
2020-10-0611:03:43,,0,0
2020-10-0611:03:44,,0,0
2020-10-0611:03:45,,0,0
2020-10-0611:03:46,,0,0
2020-10-0611:03:47,,0,0
2020-10-0611:03:48,,0,0
2020-10-0611:03:49,,0,0
2020-10-0611:03:50,,0,0
2020-10-0611:03:51,,0,0
2020-10-0611:03:52,,0,0
2020-10-0611:03:53,,0,0
2020-10-0611:03:54,,0,0
2020-10-0611:03:55,,0,0
2020-10-0611:03:56,,0,0
2020-10-0611:03:57,,0,0
2020-10-0611:03:58,,0,0
2020-10-0611:03:59,,0,0
2020-10-0611:04:00,,0,0
2020-10-0611:04:01,,0,0
2020-10-0611:04:02,,0,0
2020-10-0611:04:03,,0,0
2020-10-0611:04:04,,0,0
2020-10-0611:04:05,,0,0
2020-10-0611:04:06,,0,0
2020-10-0611:04:07,,0,0
2020-10-0611:04:08,,0,0
2020-10-0611:04:09,,0,0
2020-10-0611:04:10,,0,0
2020-10-0611:04:11,,0,0
2020-10-0611:04:12,,0,0
2020-10-0611:04:13,,0,0
2020-10-0611:04:14,,0,0
2020-10-0611:04:15,,0,0
2020-10-0611:04:16,,0,0
2020-10-0611:04:17,,0,0
2020-10-0611:04:18,,0,0
2020-10-0611:04:19,,0,0
2020-10-0611:04:20,,0,0
2020-10-0611:04:21,,0,0
2020-10-0611:04:22,,0,0
2020-10-0611:04:23,,0,0
2020-10-0611:04:24,,0,0
2020-10-0611:04:25,,0,0
2020-10-0611:04:26,,0,0
2020-10-0611:04:27,,0,0
2020-10-0611:04:28,,0,0
2020-10-0611:04:29,,0,0
2020-10-0611:04:30,,0,0
2020-10-0611:04:31,,0,0
2020-10-0611:04:32,,0,0
2020-10-0611:04:33,,0,0
2020-10-0611:04:34,,0,0
2020-10-0611:04:35,,0,0
2020-10-0611:04:36,,0,0
2020-10-0611:04:37,,0,0
2020-10-0611:04:38,,0,0
2020-10-0611:04:39,,0,0
2020-10-0611:04:40,,0,0
2020-10-0611:04:41,,0,0
2020-10-0611:04:42,,0,0
2020-10-0611:04:43,,0,0
2020-10-0611:04:44,,0,0
2020-10-0611:04:45,,0,0
2020-10-0611:04:46,,0,0
2020-10-0611:04:47,,0,0
2020-10-0611:04:48,,0,0
2020-10-0611:04:49,,0,0
2020-10-0611:04:50,,0,0
2020-10-0611:04:51,,0,0
2020-10-0611:04:52,,0,0
2020-10-0611:04:53,,0,0
2020-10-0611:04:54,10,0,0
2020-10-0611:04:55,10,0,0
2020-10-0611:04:56,,0,0
2020-10-0611:04:57,,0,0
2020-10-0611:04:58,8,0,0
2020-10-0611:04:59,,0,0
2020-10-0611:05:00,13,0,0
2020-10-0611:05:01,,0,0
2020-10-0611:05:02,,0,0
2020-10-0611:05:03,,0,0
2020-10-0611:05:04,,0,0
2020-10-0611:05:05,17,0,0
2020-10-0611:05:06,20,0,0
2020-10-0611:05:07,,0,0
2020-10-0611:05:08,27,0,0
2020-10-0611:05:09,,0,0
2020-10-0611:05:10,30,0,0
2020-10-0611:05:11,30,0,0
2020-10-0611:05:12,29,0,0
2020-10-0611:05:13,28,0,0
2020-10-0611:05:14,27,0,0
2020-10-0611:05:15,27,0,0
,26,0,0
,24,0,0
,,0,0
,21,0,0
,,0,0
,40,0,0
,26,0,0
,,0,0
,30,0,0
,4,0,0
,,0,0
,,0,0
,,0,0
,,0,0
,,0,0
,,0,0
,,0,0
,45,0,0
,47,0,0
,49,0,0
,,0,0
,,0,0
,,0,0
,,0,0
,,0,0
,,0,0
,,0,0
,,0,0
,8,0,0
,,0,0
,,0,0
,,0,0
,65,0,0
,,0,0
,,0,0
,69,0,0
,71,0,0
,73,0,1
,,0,1
,76,0,1
,77,0,1
,79,0,1
,80,0,1
,80,0,1
,80,0,1
,80,0,1
,80,0,1
,80,0,1
,80,0,1
,,0,1
,81,0,1
,80,0,1
,80,0,1
,,0,1
,,0,0
,80,0,0
,,0,0
,81,0,0
,81,0,0
,,0,0
,80,0,1
,81,0,1
,81,0,1
,,0,1
,,0,1
,80,0,1
,80,0,1
,80,0,1
,80,0,1
,18,0,1
,81,0,1
,,0,1
,80,0,1
,80,0,1
,80,0,1
,518,0,1
,80,0,1
,80,0,1
,80,0,1
,80,0,1
,18,0,1
,80,0,1
,518,0,1
,80,0,1
,18,0,1
,80,0,1
,80,0,1
,80,0,1
,81,0,1
,80,0,1
,80,0,1
,80,0,1
,80,0,1
,80,0,1
,80,0,1
,80,0,1
,80,0,1
,80,0,1
,18,0,1
,80,0,1
,80,0,1
,80,0,1
,80,0,1
,80,0,1
,80,0,1
,80,0,1
,80,0,1
,80,0,1
,80,0,1
,80,0,1
,80,0,1
,80,0,1
,80,0,1
,80,0,1
,,0,1
,80,0,1
,80,0,1
,80,0,1
,80,0,1
,80,0,1
,,0,1
,80,0,1
,80,0,1
,80,0,1
,80,0,1
,80,0,1
,80,0,1
,80,0,1
,,0,1
,80,0,1
,80,0,1
,518,0,1
,80,0,1
,80,0,1
,80,0,1
,80,0,1
,80,0,1
,518,0,1
,518,0,1
,80,0,1
,80,0,1
,80,0,1
,80,0,1
,80,0,1
,18,0,1
,80,0,1
,80,0,1
,80,0,1
,80,0,1
,80,0,1
,80,0,1
,80,0,1
,80,0,1
,80,0,1
,18,0,1
,80,0,1
,80,0,1
,80,0,1
,80,0,1
,80,0,1
,80,0,1
,80,0,1
,80,0,1
,80,0,1
,80,0,1
,80,0,1
,80,0,1
,80,0,1
,80,0,1
,80,0,1
,18,0,1
,18,0,1
,80,0,1
,80,0,1
,18,0,1
,80,0,1
,80,0,1
,80,0,1
,80,0,1
,80,0,1
,80,0,1
,18,0,1
,80,0,1
,18,0,1
,,0,1
,82,0,1
,,0,1
,85,0,1
,86,0,1
,,0,1
,,0,1
,48,0,1
,90,0,1
,48,0,1
,90,0,1
,90,0,1
,90,0,1
,8,0,1
,48,0,1
,48,0,1
,90,0,1
,89,0,1
,6,0,1
,87,0,0
,3,0,0
,,0,0
,87,0,0
,86,0,0
,82,0,0
,,0,0
,82,0,1
,83,0,1
,8,0,1
,,0,1
,,0,1
,,0,1
,89,0,1
,89,0,1
,90,0,1
,48,0,1
,48,0,1
,90,0,1
,48,0,1
,90,0,1
,90,0,1
,48,0,1
,48,0,1
,,0,1
,,0,1
,,0,1
,90,0,1
,90,0,1
,91,0,1
,,0,1
,71,0,1
,40,0,1
,90,0,1
,48,0,1
,90,0,1
,71,0,1
,,0,1
,,0,1
,90,0,1
,48,0,1
,90,0,1
,,0,1
,71,0,1
,71,0,1
,90,0,1
,90,0,1
,71,0,1
,90,0,1
,90,0,1
,90,0,1
,,0,1
,,0,1
,,0,1
,,0,1
,91,0,1
,,0,1
,71,0,1
,71,0,1
,48,0,1
,90,0,1
,48,0,1
,90,0,1
,48,0,1
,48,0,1
,,0,1
,71,0,1
,48,0,1
,90,0,1
,90,0,1
,90,0,1
,8,0,0
,90,0,0
,48,0,0
,90,0,0
,90,0,0
,90,0,0
,70,0,0
,90,0,0
,48,0,0
,90,0,0
,,0,0
,71,0,0
,91,0,0
,,0,0
,90,0,0
,90,0,1
,90,0,1
,89,1,1
,,1,1
,87,1,1
,,1,1
,84,1,1
,83,1,1
,,1,1
,80,1,1
,,1,0
,,1,0
,,1,0
,71,1,0
,,1,0
,,1,1
,8,1,0
,60,0,0
,63,0,0
,65,0,0
,66,1,0
,4,1,0
,,1,1
,,1,1
,,1,0
,,1,0
,48,1,0
,,1,0
,72,1,0
,,1,0
,,1,0
,73,1,0
,,1,0
,72,1,0
,72,1,0
,72,1,0
,41608,1,0
,448,0,0
,,0,0
,,0,0
,,0,0
,,0,0
,,0,0
,,0,0
,18,0,0
,1,0,0
,57,0,0
,,0,0
,,0,0
,,0,0
,,0,0
,,0,0
,,0,0
,,0,0
,58,0,0
,,0,0
,60,0,0
,61,1,0
,63,1,1
,,1,1
,67,1,1
,,1,1
,,1,1
,63,1,1
,8,1,1
,,1,1
,95,1,0
,,0,0
,,0,0
,,0,0
,,0,0
,48,0,0
,48,0,0
,48,0,0
,,0,0
,48,0,0
,48,0,0
,,0,0
,47,0,0
,48,0,0
,,0,0
,,0,0
,48,0,0
,48,0,0
,,0,0
,,0,0
,18,0,0
,,0,0
,,0,0
,,0,0
,,0,0
,,0,0
,,0,0
,96,0,0
,,0,0
,60,0,0
,62,0,0
,63,0,0
,,0,0
,,0,0
,,1,0
,64,1,0
,64,1,0
,63,0,0
,,0,0
,65,0,0
,66,0,0
,,1,0
,66,1,0
,65,1,0
,64,1,0
,64,1,0
,63,1,0
,64,1,0
,,1,0
,66,1,0
,68,1,0
,69,1,0
,,1,0
,,1,0
,,1,0
,,1,0
,75,1,0
,76,1,0
,76,1,0
,75,1,0
,,1,0
,,1,0
,,0,0
,72,0,0
,73,0,0
,,0,0
,76,0,0
,78,0,0
,80,0,0
,82,0,0
,83,0,0
,85,0,0
,87,0,0
,,0,0
,89,0,0
,,0,0
,4,0,0
,4,0,0
,,0,0
,85,0,0
,84,0,0
,83,0,0
,82,0,0
,,0,0
,80,0,0
,80,0,0
,81,0,0
,,0,0
,76,0,0
,75,0,0
,76,0,0
,79,0,0
,82,0,0
,85,0,0
,86,0,0
,,0,0
,,0,0
,89,0,0
,89,0,0
,,0,0
,90,0,0
,46,0,0
,48,0,0
,90,0,0
,90,0,1
,90,0,0
,,0,0
,77,0,0
,,0,0
,,0,0
,71,0,0
,8,0,0
,48,0,0
,90,0,0
,,0,1
,,0,0
,48,0,0
,90,0,0
,90,0,0
,90,0,1
,,0,0
,,0,0
,90,0,0
,90,0,0
,90,0,0
,90,0,0
,90,0,0
,,0,0
,91,0,0
,,0,0
,48,0,0
,90,0,0
,,0,1
,,0,0
,85,0,0
,,0,0
,83,0,0
,82,0,0
,,0,0
,80,0,1
,,0,0
,79,0,1
,,0,0
,78,0,0
,,0,1
,76,0,0
,,0,0
,,0,1
,,0,1
,77,0,1
,78,0,1
,,0,1
,80,0,1
,81,0,1
,,0,1
,82,0,1
,82,0,1
,,0,1
,83,0,1
,84,0,1
,,0,1
,85,0,1
,85,0,1
,85,0,0
,85,0,0
,85,0,0
,86,0,0
,86,0,1
,86,0,0
,86,0,0
,87,0,0
,,0,1
,,0,0
,4,0,0
,,0,0
,4,0,0
,,0,0
,,0,0
,,0,0
,88,0,0
,89,0,0
,89,0,0
,,0,0
,,0,0
,48,0,0
,90,0,0
,,0,0
,90,0,0
,90,0,0
,90,0,0
,90,0,0
,91,0,0
,,0,0
,,0,0
,70,0,0
,48,0,0
,48,0,0
,90,0,0
,90,0,0
,46,0,0
,90,0,0
,90,0,0
,48,0,0
,90,0,0
,48,0,0
,48,0,0
,90,0,0
,90,0,0
,90,0,0
,48,0,0
,90,0,0
,90,0,0
,48,0,0
,90,0,0
,90,0,0
,89,0,0
,,0,0
,,0,0
,4,0,0
,86,0,0
,85,0,0
,85,0,0
,84,0,0
,83,0,1
,82,0,1
,82,0,0
,82,0,0
,82,0,0
,,0,0
,,0,0
,,0,0
,,0,0
,82,0,0
,82,0,0
,83,0,0
,83,0,0
,83,0,0
,,0,0
,,0,0
,,0,0
,85,0,0
,85,0,0
,85,0,0
,,0,0
,84,0,0
,83,0,0
,,0,0
,,0,0
,82,0,0
,82,0,0
,82,0,0
,,0,0
,81,0,0
,81,0,0
,80,0,0
,,0,0
,,0,0
,,0,0
,77,0,0
,,0,0
,,0,0
,77,0,1
,,0,1
,,0,1
,,0,1
,78,0,1
,78,0,1
,78,0,0
,78,0,0
,78,0,0
,78,0,0
,78,0,0
,78,0,0
,,0,0
,,0,0
,,0,0
,,0,0
,,0,0
,,0,0
,78,0,0
,,0,0
,77,0,0
,,0,0
,,0,0
,68,0,0
,64,0,0
,62,0,0
,,0,0
,,0,0
,,0,0
,,0,0
,,0,0
,,0,0
,,0,0
,64,0,0
,64,0,0
,65,0,0
,65,0,0
,,0,0
,,0,0
,,0,0
,,0,0
,,0,0
,67,0,0
,67,0,0
,68,0,0
,69,0,0
,,0,0
,,0,0
,3,0,0
,,0,0
,,0,0
,71,0,0
,72,0,0
,,0,0
,,0,0
,73,0,0
,,0,1
,,0,1
,,0,1
,75,0,0
,76,0,0
,76,0,1
,77,0,1
,78,0,1
,,0,1
,79,0,1
,80,0,0
,18,0,1
,,0,1
,,0,1
,82,0,1
,82,0,1
,82,0,1
,81,0,1
,78,0,1
,79,0,1
,,0,0
,73,0,1
,73,0,1
,73,0,1
,,0,1
,75,0,1
,76,0,1
,,0,1
,77,0,1
,,0,1
,,0,1
,,0,1
,,0,1
,77,0,1
,78,0,1
,,0,1
,,0,1
,,0,1
,76,0,1
,76,0,1
,76,0,1
,76,0,1
,75,0,1
,,0,1
,73,0,1
,,0,0
,76,0,1
,,0,1
,82,0,1
,85,0,0
,,0,1
,87,0,1
,,0,1
,,0,1
,,0,0
,,0,1
,7,0,0
,90,0,0
,90,0,1
,48,0,1
,,0,1
,,0,1
,,0,1
,85,0,1
,81,0,1
,5,0,1
,4,0,1
,,0,1
,67,0,0
,61,0,1
,,0,1
,,0,1
,,0,0
,53,0,1
,,0,1
,7,0,1
,,0,1
,,0,0
,45,0,0
,,0,0
,44,0,0
,,0,0
,44,0,0
,43,0,0
,42,0,0
,,0,0
,42,0,0
,42,0,0
,42,0,0
,,0,0
,42,0,0
,43,0,0
,44,0,0
,45,0,0
,45,0,0
,46,0,0
,46,0,0
,45,0,0
,45,0,0
,46,0,0
,48,0,0
,18,0,0
,,0,0
,31,0,0
,,0,0
,,0,0
,,0,0
,,0,0
,,0,0
,06,0,0
,,0,0
,,0,1
,,0,0
,59,0,0
,18,0,0
,60,0,0
,61,0,0
,61,0,0
,63,0,0
,64,0,0
,,0,0
,,0,0
,,0,0
,,0,0
,,0,0
,,0,0
,,0,0
,,0,0
,,0,0
,,0,0
,,0,0
,88,0,1
,89,0,1
,89,0,0
,90,0,1
,90,0,1
,70,0,0
,90,0,1
,46,0,0
,90,0,0
,48,0,1
,90,0,1
,90,0,1
,48,0,1
,,0,1
,89,0,1
,48,0,1
,,0,1
,90,0,1
,90,0,1
,90,0,1
,48,0,1
,89,0,1
,,0,1
,,0,1
,89,0,1
,,0,1
,90,0,1
,40,0,1
,48,0,1
,40,0,1
,40,0,1
,90,0,1
,,0,1
,8,0,1
,48,0,1
,90,0,1
,90,0,1
,90,0,1
,90,0,1
,48,0,1
,48,0,1
,48,0,1
,48,0,1
,48,0,1
,40,0,1
,90,0,1
,90,0,1
,48,0,1
,22,0,1
,48,0,1
,90,0,1
,48,0,1
,48,0,1
,48,0,1
,48,0,1
,90,0,1
,48,0,1
,8,0,1
,90,0,1
,90,0,1
,48,0,1
,46,0,1
,48,0,1
,90,0,1
,48,0,1
,,0,1
,,0,1
,83,0,1
,18,0,1
,77,0,1
,,0,1
,,0,1
,67,0,1
,,0,1
,,0,1
,,0,1
,,0,1
,53,0,1
,,0,1
,,0,1
,93,0,1
,,0,1
,,0,1
,,0,1
,,0,1
,,0,1
,318,0,1
,,0,1
,,0,1
,,0,1
,6,0,1
,56,0,1
,57,0,1
,,0,1
,,0,1
,,0,1
,61,0,1
,,0,1
,63,0,1
,65,0,1
,,0,1
,68,0,1
,,0,1
,71,0,1
,,0,1
,75,0,1
,,0,1
,,0,1
,79,0,1
,80,0,1
,82,0,1
,,0,1
,,0,1
,82,0,1
,,0,1
,8,0,1
,,0,1
,81,0,1
,8,0,1
,,0,1
,80,0,1
,,0,1
,78,0,1
,78,0,1
,78,0,1
,78,0,1
,78,0,1
,,0,1
,78,0,1
,78,0,1
,78,0,1
,78,0,1
,78,0,1
,,0,1
,,0,1
,,0,1
,,0,0
,79,0,1
,80,0,1
,80,0,1
,,0,1
,,0,1
,,0,1
,82,1,1
,87,0,1
,80,0,0
,,0,0
,,0,0
,,0,1
,,0,1
,,0,1
,8,0,1
,,0,1
,,0,1
,,0,0
,,0,0
,,0,0
,,0,0
,88,0,1
,88,0,1
,89,0,1
,48,0,1
,90,0,1
,90,0,1
,90,0,1
,90,0,1
,48,0,1
,89,0,1
,89,0,1
,89,0,1
,,0,1
,87,0,1
,86,0,1
,85,0,1
,,0,1
,82,0,1
,81,0,1
,80,0,1
,,0,1
,,0,1
,78,0,1
,79,0,1
,79,0,1
,80,0,1
,18,0,1
,8,1,1
,8,0,1
,,0,1
,78,0,1
,78,0,1
,,0,1
,77,0,1
,,0,1
,,0,1
,,0,1
,,0,1
,,0,1
,,0,1
,,0,1
,,0,1
,,0,1
,,0,1
,,0,1
,,0,1
,,0,1
,,0,1
,,0,1
,75,0,1
,75,0,1
,,0,1
,,0,1
,,0,1
,,0,1
,75,0,1
,,0,1
,,0,1
,,0,1
,,0,1
,,0,1
,,0,1
,78,0,1
,,0,1
,518,0,1
,80,0,1
,80,0,1
,80,0,1
,,0,1
,,0,1
,76,0,1
,75,0,1
,75,0,1
,,0,1
,75,0,1
,75,0,1
,75,0,1
,76,0,1
,,0,1
,78,0,1
,6,0,1
,81,0,1
,82,0,1
,82,0,1
,83,0,1
,84,0,1
,85,0,1
,85,0,1
,85,0,1
,83,0,1
,83,0,1
,83,0,1
,,0,1
,83,0,1
,83,0,1
,83,0,1
,,0,1
,,0,1
,86,0,1
,4,0,1
,,0,1
,,0,1
,,0,1
,4,0,1
,,0,1
,,0,0
,,0,0
,,0,0
,,0,0
,86,0,1
,86,0,1
,,0,1
,88,0,1
,89,0,1
,,0,1
,89,0,1
,89,0,1
,88,0,1
,,0,1
,,0,1
,86,0,1
,86,0,1
,,0,1
,88,0,1
,89,0,1
,,0,1
,89,0,1
,48,0,1
,90,0,1
,90,0,1
,70,0,1
,8,0,1
,48,0,1
,48,0,1
,90,0,1
,,0,1
,,0,1
,,0,1
,,0,1
,,0,1
,48,0,0
,90,0,0
,,0,0
,,0,0
,90,0,0
,,0,0
,88,0,0
,87,0,0
,86,0,0
,3,0,0
,4,0,0
,87,0,1
,87,0,1
,,0,1
,87,0,1
,87,0,1
,87,0,1
,87,0,1
,87,0,1
,87,0,1
,88,0,1
,4,0,1
,,0,1
,86,0,1
,,0,1
,85,0,1
,83,0,1
,82,0,1
,81,0,1
,81,0,1
,80,0,1
,80,0,1
,,0,1
,,0,1
,,0,1
,81,0,1
,81,0,1
,,0,1
,,0,1
,,0,1
,,0,1
,,0,1
,82,0,1
,82,0,1
,82,0,1
,,0,1
,,0,1
,86,0,1
7070-10024:7,,0,1
,,0,1
,,0,1
,,0,1
,,0,1
,,0,1
,84,0,1
,83,0,1
,83,0,1
,83,0,1
,82,0,1
,82,0,1
,82,0,1
,82,0,1
,82,0,1
,,0,1
,,0,1
,82,0,1
,82,0,1
,82,0,0
,83,0,0
,,0,0
,86,0,0
,,0,0
,,0,0
,89,0,0
,,0,0
,90,0,0
,8,0,0
,8,0,0
,90,0,0
,90,0,0
,48,0,0
,48,1,0
,,1,0
,48,1,1
,,1,0
,90,1,0
2020-10-0611:25:03,48,1,0
2020-10-0611:25:04,91,1,1
2020-10-0611:25:05,,1,1
2020-10-0611:25:06,,1,1
2020-10-0611:25:07,,1,1
2020-10-0611:25:08,,1,1
2020-10-0611:25:09,,1,1
2020-10-0611:25:10,91,1,1
2020-10-0611:25:11,,1,1
2020-10-0611:25:12,,1,1
2020-10-0611:25:13,,1,0
2020-10-0611:25:14,82,1,0
2020-10-0611:25:15,,1,0
2020-10-0611:25:16,88,1,0
2020-10-0611:25:17,,1,0
2020-10-0611:25:18,47,0,0
2020-10-0611:25:19,37,0,0
2020-10-0611:25:20,,0,0
2020-10-0611:25:21,,0,0
2020-10-0611:25:22,,0,0
2020-10-0611:25:23,,0,0
2020-10-0611:25:24,,0,0
2020-10-0611:25:25,,0,0
2020-10-0611:25:26,,0,0
2020-10-0611:25:27,,0,0
2020-10-0611:25:28,,0,0
2020-10-0611:25:29,,0,0
2020-10-0611:25:30,,0,0
2020-10-0611:25:31,,0,0
2020-10-0611:25:32,,0,0
2020-10-0611:25:33,,0,0
2020-10-0611:25:34,,0,0
2020-10-0611:25:35,,0,0
2020-10-0611:25:36,,0,0
2020-10-0611:25:37,,0,0
2020-10-0611:25:38,,0,0
2020-10-0611:25:39,,0,0
2020-10-0611:25:40,,0,0
2020-10-0611:25:41,,0,0
2020-10-0611:25:42,,0,0
2020-10-0611:25:43,,0,0
2020-10-0611:25:44,,0,0
2020-10-0611:25:45,,0,0
2020-10-0611:25:46,,0,0
2020-10-0611:25:47,,0,0
2020-10-0611:25:46,,0,0
2020-10-0611:25:49,,0,0
2020-10-0611:25:50,,0,0
2020-10-0611:25:51,,0,0
2020-10-0611:25:52,,0,0
2020-10-0611:25:53,,0,0
2020-10-0611:25:54,13,0,0
2020-10-0611:25:55,16,0,0
2020-10-0611:25:56,21,0,0
2020-10-0611:25:57,,0,0
2020-10-0611:25:58,26,0,0
2020-10-0611:25:59,28,0,0
2020-10-0611:26:00,8,0,0
2020-10-0611:26:01,,0,0
2020-10-0611:26:02,,0,0
2020-10-0611:26:03,,0,0
2020-10-0611:26:04,35,0,0
2020-10-0611:26:05,,0,0
2020-10-0611:26:06,,0,0
2020-10-0611:26:07,38,0,0
2020-10-0611:26:08,,0,0
2020-10-0611:26:09,,0,0
2020-10-0611:26:10,,0,0
2020-10-0611:26:11,31,0,0
2020-10-0611:26:12,33,0,0
2020-10-0611:26:13,,0,0
2020-10-0611:26:14,,0,0
2020-10-0611:26:15,,0,0
2020-10-0611:26:16,37,0,0
2020-10-0611:26:17,40,0,0
2020-10-0611:26:18,,0,0
2020-10-0611:26:19,,0,0
2020-10-0611:26:20,,0,0
2020-10-0611:26:21,,0,0
2020-10-0611:26:22,,0,0
2020-10-0611:26:23,,0,0
2020-10-0611:26:24,,0,0
2020-10-0611:26:25,,0,0
2020-10-0611:26:26,,0,0
2020-10-0611:26:27,,0,0
2020-10-0611:26:28,,0,1
2020-10-0611:26:29,,0,0
2020-10-0611:26:30,52,0,0
2020-10-0611:26:31,53,0,0
2020-10-0611:26:32,,0,0
2020-10-0611:26:33,56,0,0
2020-10-0611:26:34,58,0,0
2020-10-0611:26:35,,0,0
2020-10-0611:26:36,,0,0
2020-10-0611:26:37,,0,0
2020-10-0611:26:38,45,0,0
2020-10-0611:26:39,36,0,0
2020-10-0611:26:40,,0,0
2020-10-0611:26:41,18,0,0
2020-10-0611:26:42,11,0,0
2020-10-0611:26:43,,0,0
2020-10-0611:26:44,,0,0
2020-10-0611:26:45,,0,0
2020-10-0611:26:46,,0,0
2020-10-0611:26:47,,0,0
2020-10-0611:26:46,,0,0
2020-10-0611:26:49,,0,0
2020-10-0611:26:50,,0,0
2020-10-0611:26:51,,0,0
2020-10-0611:26:52,,0,0
2020-10-0611:26:53,,0,0
2020-10-0611:26:54,,0,0
2020-10-0611:26:55,,0,0
2020-10-0611:26:56,,0,0
2020-10-0611:26:57,,0,0
2020-10-0611:26:58,,0,0
2020-10-0611:26:59,,0,0
2020-10-0611:27:00,,0,0
2020-10-0611:27:01,,0,0
2020-10-0611:27:02,,0,0
2020-10-0611:27:03,,0,0
2020-10-0611:27:04,,0,0
2020-10-0611:27:05,,0,0
2020-10-0611:27:06,,0,0
2020-10-0611:27:07,,0,0
2020-10-0611:27:08,20,0,0
2020-10-0611:27:09,,0,0
2020-10-0611:27:10,,0,0
2020-10-0611:27:11,29,0,0
2020-10-0611:27:12,30,0,0
2020-10-0611:27:13,30,0,0
2020-10-0611:27:14,,0,0
2020-10-0611:27:15,32,0,0
2020-10-0611:27:16,,0,0
2020-10-0611:27:17,,0,0
2020-10-0611:27:18,,0,0
2020-10-0611:27:19,37,0,0
2020-10-0611:27:20,,0,0
2020-10-0611:27:21,,0,0
2020-10-0611:27:22,,0,0
2020-10-0611:27:23,,0,0
2020-10-0611:27:24,43,0,0
2020-10-0611:27:25,,0,0
2020-10-0611:27:26,,0,0
2020-10-0611:27:27,48,0,0
2020-10-0611:27:28,,0,0
2020-10-0611:27:29,,0,0
2020-10-0611:27:30,61,1,0
2020-10-0611:27:31,,1,0
2020-10-0611:27:32,,0,0
2020-10-0611:27:33,,0,0
2020-10-0611:27:34,,0,0
2020-10-0611:27:35,60,0,0
2020-10-0611:27:36,18,0,0
2020-10-0611:27:37,60,0,0
2020-10-0611:27:38,,1,0
2020-10-0611:27:39,58,1,0
2020-10-0611:27:40,4,1,0
2020-10-0611:27:41,,1,0
2020-10-0611:27:42,,0,0
2020-10-0611:27:43,18,0,0
2020-10-0611:27:44,,0,0
2020-10-0611:27:45,,0,0
2020-10-0611:27:46,34,0,0
2020-10-0611:27:47,,0,0
2020-10-0611:27:48,21,0,0
2020-10-0611:27:49,,0,0
2020-10-0611:27:50,13,0,0
2020-10-0611:27:51,,0,0
2020-10-0611:27:52,,0,0
2020-10-0611:27:53,,0,0
2020-10-0611:27:54,8,0,0
2020-10-0611:27:55,35,0,0
2020-10-0611:27:56,41,0,0
2020-10-0611:27:57,,0,0
2020-10-0611:27:58,,0,0
2020-10-0611:27:59,50,0,0
2020-10-0611:28:00,53,0,0
2020-10-0611:28:01,57,0,0
2020-10-0611:28:02,,0,0
2020-10-0611:28:03,60,0,0
2020-10-0611:28:04,18,0,0
2020-10-0611:28:05,18,0,0
2020-10-0611:28:06,,0,0
2020-10-0611:28:07,,0,0
2020-10-0611:28:08,60,0,0
2020-10-0611:28:09,8,1,0
2020-10-0611:28:10,,1,0
2020-10-0611:28:11,,1,0
2020-10-0611:28:12,,1,0
2020-10-0611:28:13,53,0,0
2020-10-0611:28:14,,0,0
2020-10-0611:28:15,47,0,0
2020-10-0611:28:16,,0,0
2020-10-0611:28:17,,0,0
2020-10-0611:28:18,32,0,0
2020-10-0611:28:19,26,0,0
2020-10-0611:28:20,22,0,0
2020-10-0611:28:21,,0,0
2020-10-0611:28:22,,0,0
2020-10-0611:28:23,,0,0
2020-10-0611:28:24,,0,0
2020-10-0611:28:25,,0,0
2020-10-0611:28:26,,0,0
2020-10-0611:28:27,,0,0
2020-10-0611:28:28,,0,0
2020-10-0611:28:29,,0,0
2020-10-0611:28:30,,0,0
2020-10-0611:28:31,,0,0
2020-10-0611:28:32,,0,0
2020-10-0611:28:33,,0,0
2020-10-0611:28:34,,0,0
2020-10-0611:28:35,,0,0
2020-10-0611:28:36,,0,0
2020-10-0611:28:37,,0,0
2020-10-0611:28:38,,0,0
2020-10-0611:28:39,,0,0
2020-10-0611:28:40,,0,0
2020-10-0611:28:41,,0,0
2020-10-0611:28:42,,0,0
2020-10-0611:28:43,,0,0
2020-10-0611:28:44,,0,0
2020-10-0611:28:45,,0,0
2020-10-0611:28:46,,0,0
2020-10-0611:28:47,,0,0
2020-10-0611:28:48,,0,0
2020-10-0611:28:49,,0,0
2020-10-0611:28:50,,0,0
2020-10-0611:28:51,,0,0
2020-10-0611:28:52,,0,0
2020-10-0611:28:53,,0,0
2020-10-0611:28:54,,0,0
2020-10-0611:28:55,,0,0
2020-10-0611:28:56,12,0,0
2020-10-0611:28:57,,0,0
2020-10-0611:28:58,0,0,0
2020-10-0611:28:59,28,0,0
2020-10-0611:29:00,30,0,0
2020-10-0611:29:01,,0,0
2020-10-0611:29:02,33,0,0
2020-10-0611:29:03,,0,0
2020-10-0611:29:04,35,0,0
2020-10-0611:29:05,36,0,0
2020-10-0611:29:06,37,0,0
2020-10-0611:29:07,38,0,0
2020-10-0611:29:08,,0,0
2020-10-0611:29:09,35,0,0
2020-10-0611:29:10,32,0,0
2020-10-0611:29:11,27,0,0
2020-10-0611:29:12,21,0,0
2020-10-0611:29:13,,0,0
2020-10-0611:29:14,,0,0
2020-10-0611:29:15,,0,0
2020-10-0611:29:16,,0,0
2020-10-0611:29:17,,0,0
2020-10-0611:29:18,,0,0
2020-10-0611:29:19,,0,0
2020-10-0611:29:20,,0,0
2020-10-0611:29:21,,0,0
2020-10-0611:29:22,,0,0
2020-10-0611:29:23,,0,0
2020-10-0611:29:24,,0,0
2020-10-0611:29:25,,0,0
2020-10-0611:29:26,,0,0
2020-10-0611:29:27,,0,0
2020-10-0611:29:28,,0,0
2020-10-0611:29:29,,0,0
2020-10-0611:29:30,,0,0
2020-10-0611:29:31,,0,0
2020-10-0611:29:32,,0,0
2020-10-0611:29:33,,0,0
2020-10-0611:29:34,,0,0
2020-10-0611:29:35,,0,0
2020-10-0611:29:36,,0,0
2020-10-0611:29:37,,0,0
2020-10-0611:29:38,,0,0
2020-10-0611:29:39,,0,0
2020-10-0611:29:40,,0,0
2020-10-0611:29:41,,0,0
2020-10-0611:29:42,,0,0
2020-10-0611:29:43,,0,0
2020-10-0611:29:44,,0,0
2020-10-0611:29:45,,0,0
2020-10-0611:29:46,,0,0
2020-10-0611:29:47,,0,0
2020-10-0611:29:46,,0,0
2020-10-0611:29:49,,0,0
2020-10-0611:29:50,,0,0
2020-10-0611:29:51,,0,0
2020-10-0611:29:52,,0,0
2020-10-0611:29:53,,0,0
2020-10-0611:29:54,,0,0
2020-10-0611:29:55,,0,0
2020-10-0611:29:56,13,0,0
2020-10-0611:29:57,,0,0
2020-10-0611:29:58,,0,0
2020-10-0611:29:59,,0,0
2020-10-0611:30:00,,0,0
2020-10-0611:30:01,,0,0
2020-10-0611:30:02,,0,0
2020-10-0611:30:03,,0,0
2020-10-0611:30:04,,0,0
2020-10-0611:30:05,,0,0
2020-10-0611:30:06,,0,0
2020-10-0611:30:07,,0,0
2020-10-0611:30:08,,0,0
2020-10-0611:30:09,,0,0
2020-10-0611:30:10,,0,0
2020-10-0611:30:11,,0,0
2020-10-0611:30:12,,0,0
2020-10-0611:30:13,,0,0
2020-10-0611:30:14,,0,0
2020-10-0611:30:15,,0,0
2020-10-0611:30:16,,0,0
2020-10-0611:30:17,,0,0
2020-10-0611:30:18,,0,0
2020-10-0611:30:19,,0,0
2020-10-0611:30:20,,0,0
2020-10-0611:30:21,,0,0
2020-10-0611:30:22,,0,0
2020-10-0611:30:23,,0,0
2020-10-0611:30:24,,0,0
2020-10-0611:30:25,,0,0
2020-10-0611:30:26,,0,0
2020-10-0611:30:27,,0,0
2020-10-0611:30:28,,0,0
2020-10-0611:30:29,,0,0
2020-10-0611:30:30,,0,0
2020-10-0611:30:31,,0,0
2020-10-0611:30:32,,0,0
2020-10-0611:30:33,,0,0
2020-10-0611:30:34,,0,0
2020-10-0611:30:35,,0,0
2020-10-0611:30:36,,0,0
2020-10-0611:30:37,42,0,0
2020-10-0611:30:38,47,0,0
2020-10-0611:30:39,51,0,0
2020-10-0611:30:40,56,0,0
2020-10-0611:30:41,,0,0
2020-10-0611:30:42,,1,0
2020-10-0611:30:43,63,1,1
2020-10-0611:30:44,,1,1
2020-10-0611:30:45,,1,0
2020-10-0611:30:46,4,0,0
2020-10-0611:30:47,55,0,0
2020-10-0611:30:46,,0,0
2020-10-0611:30:49,,0,0
2020-10-0611:30:50,,0,0
2020-10-0611:30:51,,0,0
2020-10-0611:30:52,8,0,0
2020-10-0611:30:53,,0,0
2020-10-0611:30:54,,0,0
2020-10-0611:30:55,18,0,0
2020-10-0611:30:56,,0,0
2020-10-0611:30:57,,0,0
2020-10-0611:30:58,35,0,0
2020-10-0611:30:59,36,0,0
2020-10-0611:31:00,,0,0
2020-10-0611:31:01,,0,0
2020-10-0611:31:02,,0,0
2020-10-0611:31:03,40,0,0
2020-10-0611:31:04,41,0,0
2020-10-0611:31:05,43,0,0
2020-10-0611:31:06,,0,0
2020-10-0611:31:07,42,0,0
2020-10-0611:31:08,38,0,0
2020-10-0611:31:09,,0,0
2020-10-0611:31:10,,0,0
2020-10-0611:31:11,33,0,0
2020-10-0611:31:12,,0,0
2020-10-0611:31:13,,0,0
2020-10-0611:31:14,29,0,0
2020-10-0611:31:15,25,0,0
2020-10-0611:31:16,22,0,0
2020-10-0611:31:17,21,0,0
2020-10-0611:31:18,4,0,0
2020-10-0611:31:19,13,0,0
2020-10-0611:31:20,17,0,0
2020-10-0611:31:21,,0,0
2020-10-0611:31:22,,0,0
2020-10-0611:31:23,,0,0
2020-10-0611:31:24,,0,0
2020-10-0611:31:25,,0,0
2020-10-0611:31:26,17,0,0
2020-10-0611:31:27,,0,0
2020-10-0611:31:28,,0,0
2020-10-0611:31:29,48,0,0
2020-10-0611:31:30,,0,0
2020-10-0611:31:31,,0,0
2020-10-0611:31:32,13,0,0
2020-10-0611:31:33,,0,0
2020-10-0611:31:34,,0,0
2020-10-0611:31:35,,0,0
2020-10-0611:31:36,15,0,0
2020-10-0611:31:37,,0,0
2020-10-0611:31:38,,0,0
2020-10-0611:31:39,16,0,0
2020-10-0611:31:40,17,0,0
2020-10-0611:31:41,,0,0
2020-10-0611:31:42,,0,0
2020-10-0611:31:43,20,0,0
2020-10-0611:31:44,18,0,0
2020-10-0611:31:45,,0,0
2020-10-0611:31:46,10,0,0
2020-10-0611:31:47,,0,0
2020-10-0611:31:46,,0,0
2020-10-0611:31:49,4,0,0
2020-10-0611:31:50,,0,0
2020-10-0611:31:51,20,0,0
2020-10-0611:31:52,,0,0
2020-10-0611:31:53,,0,0
2020-10-0611:31:54,,0,0
2020-10-0611:31:55,,0,0
2020-10-0611:31:56,,0,0
2020-10-0611:31:57,,0,0
2020-10-0611:31:58,22,0,0
2020-10-0611:31:59,,0,0
2020-10-0611:32:00,,0,0
2020-10-0611:32:01,,0,0
2020-10-0611:32:02,17,0,0
2020-10-0611:32:03,,0,0
2020-10-0611:32:04,23,0,0
2020-10-0611:32:05,,0,0
2020-10-0611:32:06,,0,0
2020-10-0611:32:07,14,0,0
2020-10-0611:32:08,,0,0
2020-10-0611:32:09,,0,0
2020-10-0611:32:10,,0,0
2020-10-0611:32:11,,0,0
2020-10-0611:32:12,,0,0
2020-10-0611:32:13,,0,0
2020-10-0611:32:14,,0,1
2020-10-0611:32:15,,0,0
2020-10-0611:32:16,,0,0
2020-10-0611:32:17,,0,0
2020-10-0611:32:18,15,0,0
2020-10-0611:32:19,,0,0
2020-10-0611:32:20,,0,0
2020-10-0611:32:21,,0,0
2020-10-0611:32:22,,0,0
2020-10-0611:32:23,21,0,0
2020-10-0611:32:24,21,0,0
2020-10-0611:32:25,,0,0
2020-10-0611:32:26,,0,0
2020-10-0611:32:27,,0,0
2020-10-0611:32:28,,0,0
2020-10-0611:32:29,,0,0
2020-10-0611:32:30,15,0,0
2020-10-0611:32:31,15,0,0
2020-10-0611:32:32,,0,0
2020-10-0611:32:33,13,0,0
2020-10-0611:32:34,13,0,0
2020-10-0611:32:35,15,0,0
2020-10-0611:32:36,14,0,0
2020-10-0611:32:37,,0,0
2020-10-0611:32:38,,0,0
2020-10-0611:32:39,20,0,0
2020-10-0611:32:40,,0,0
2020-10-0611:32:41,,0,0
2020-10-0611:32:42,4,0,0
2020-10-0611:32:43,27,0,0
2020-10-0611:32:44,,0,0
2020-10-0611:32:45,,0,0
2020-10-0611:32:46,,0,0
2020-10-0611:32:47,,0,0
2020-10-0611:32:48,,0,0
2020-10-0611:32:49,,0,0
2020-10-0611:32:50,,0,0
2020-10-0611:32:51,13,0,0
2020-10-0611:32:52,,0,0
2020-10-0611:32:53,,0,0
2020-10-0611:32:54,10,0,0
2020-10-0611:32:55,,0,0
2020-10-0611:32:56,,0,0
2020-10-0611:32:57,,0,0
2020-10-0611:32:58,,0,0
2020-10-0611:32:59,,0,0
2020-10-0611:33:00,,0,0
2020-10-0611:33:01,,0,0
2020-10-0611:33:02,0,0,0
2020-10-0611:33:03,,0,0
2020-10-0611:33:04,,0,1
2020-10-0611:33:05,,0,0
2020-10-0611:33:06,,0,0
2020-10-0611:33:07,,0,0
2020-10-0611:33:08,,0,0
2020-10-0611:33:09,,0,0
2020-10-0611:33:10,,0,0
2020-10-0611:33:11,,0,0
2020-10-0611:33:12,,0,0
2020-10-0611:33:13,,0,0
2020-10-0611:33:14,,0,0
2020-10-0611:33:15,,0,0
2020-10-0611:33:16,,0,0
2020-10-0611:33:17,,0,0
2020-10-0611:33:18,,0,0
2020-10-0611:33:19,,0,0
2020-10-0611:33:20,,0,0
2020-10-0611:33:21,,0,0
2020-10-0611:33:22,,0,0
2020-10-0611:33:23,,0,0
2020-10-0611:33:24,,0,0
2020-10-0611:33:25,,0,0
2020-10-0611:33:26,,0,0
2020-10-0611:33:27,,0,0
2020-10-0611:33:28,,0,0
2020-10-0611:33:29,,0,0
2020-10-0611:33:30,,0,0
2020-10-0611:33:31,,0,0
time : 1990.7157790660858
