2020-10-1516:11:30,,0,0
2020-10-1516:11:30,,0,0
2020-10-1516:11:30,,0,0
2020-10-1516:11:30,8,0,0
2020-10-1516:11:31,8,0,0
2020-10-1516:11:31,8,0,0
2020-10-1516:11:31,8,0,0
2020-10-1516:11:31,8,0,0
2020-10-1516:11:31,6,0,0
2020-10-1516:11:31,6,0,0
2020-10-1516:11:31,6,0,0
2020-10-1516:11:32,6,0,0
2020-10-1516:11:32,6,0,0
2020-10-1516:11:32,8,0,0
2020-10-1516:11:32,8,0,0
2020-10-1516:11:32,8,0,0
2020-10-1516:11:32,8,0,0
2020-10-1516:11:32,8,0,0
2020-10-1516:11:33,8,0,0
2020-10-1516:11:33,8,0,0
2020-10-1516:11:33,8,0,0
2020-10-1516:11:33,8,0,0
2020-10-1516:11:33,8,0,0
2020-10-1516:11:33,8,0,0
2020-10-1516:11:33,8,0,0
2020-10-1516:11:33,8,0,0
2020-10-1516:11:34,8,0,0
2020-10-1516:11:34,8,0,0
2020-10-1516:11:34,8,0,0
2020-10-1516:11:34,8,0,0
2020-10-1516:11:34,8,0,0
2020-10-1516:11:34,8,0,0
2020-10-1516:11:34,8,0,0
2020-10-1516:11:35,8,0,0
2020-10-1516:11:35,8,0,0
2020-10-1516:11:35,8,0,0
2020-10-1516:11:35,8,0,0
2020-10-1516:11:35,8,0,0
2020-10-1516:11:35,8,0,0
2020-10-1516:11:35,8,0,0
2020-10-1516:11:35,8,0,0
2020-10-1516:11:36,8,0,0
2020-10-1516:11:36,8,0,0
2020-10-1516:11:36,8,0,0
2020-10-1516:11:36,8,0,0
2020-10-1516:11:36,8,0,0
2020-10-1516:11:36,8,0,0
2020-10-1516:11:36,8,0,0
2020-10-1516:11:36,8,0,0
2020-10-1516:11:37,8,0,0
2020-10-1516:11:37,8,0,0
2020-10-1516:11:37,8,0,0
2020-10-1516:11:37,8,0,0
2020-10-1516:11:37,8,0,0
2020-10-1516:11:37,8,0,0
2020-10-1516:11:37,8,0,0
2020-10-1516:11:38,8,0,0
2020-10-1516:11:38,8,0,0
2020-10-1516:11:38,8,0,0
2020-10-1516:11:38,8,0,0
2020-10-1516:11:38,8,0,0
2020-10-1516:11:38,8,0,0
2020-10-1516:11:38,8,0,0
2020-10-1516:11:38,8,0,0
2020-10-1516:11:39,8,0,0
2020-10-1516:11:39,8,0,0
2020-10-1516:11:39,8,0,0
2020-10-1516:11:39,8,0,0
2020-10-1516:11:39,8,0,0
2020-10-1516:11:39,8,0,0
2020-10-1516:11:39,8,0,0
2020-10-1516:11:40,8,0,0
2020-10-1516:11:40,8,0,0
2020-10-1516:11:40,8,0,0
2020-10-1516:11:40,8,0,0
2020-10-1516:11:40,8,0,0
2020-10-1516:11:40,8,0,0
2020-10-1516:11:40,8,0,0
2020-10-1516:11:40,8,0,0
2020-10-1516:11:41,8,0,0
2020-10-1516:11:41,8,0,0
2020-10-1516:11:41,8,0,0
2020-10-1516:11:41,8,0,0
2020-10-1516:11:41,8,0,0
2020-10-1516:11:41,8,0,0
2020-10-1516:11:41,8,0,0
2020-10-1516:11:42,8,0,0
2020-10-1516:11:42,8,0,0
2020-10-1516:11:42,8,0,0
2020-10-1516:11:42,8,0,0
2020-10-1516:11:42,8,0,0
2020-10-1516:11:42,8,0,0
2020-10-1516:11:42,8,0,0
2020-10-1516:11:42,8,0,0
2020-10-1516:11:43,8,0,0
2020-10-1516:11:43,8,0,0
2020-10-1516:11:43,8,0,0
2020-10-1516:11:43,8,0,0
2020-10-1516:11:43,8,0,0
2020-10-1516:11:43,8,0,0
2020-10-1516:11:43,8,0,0
2020-10-1516:11:44,8,0,0
2020-10-1516:11:44,8,0,0
2020-10-1516:11:44,6,0,0
2020-10-1516:11:44,6,0,0
2020-10-1516:11:44,6,0,0
2020-10-1516:11:44,6,0,0
2020-10-1516:11:44,6,0,0
2020-10-1516:11:44,6,0,0
2020-10-1516:11:45,6,0,0
2020-10-1516:11:45,8,0,0
2020-10-1516:11:45,8,0,0
2020-10-1516:11:45,8,0,0
2020-10-1516:11:45,8,0,0
2020-10-1516:11:45,8,0,0
2020-10-1516:11:45,8,0,0
2020-10-1516:11:46,8,0,0
2020-10-1516:11:46,8,0,0
2020-10-1516:11:46,8,0,0
2020-10-1516:11:46,8,0,0
2020-10-1516:11:46,8,0,0
2020-10-1516:11:46,8,0,0
2020-10-1516:11:46,8,0,0
2020-10-1516:11:46,8,0,0
2020-10-1516:11:47,8,0,0
2020-10-1516:11:47,8,0,0
2020-10-1516:11:47,8,0,0
2020-10-1516:11:47,8,0,0
2020-10-1516:11:47,8,0,0
2020-10-1516:11:47,8,0,0
2020-10-1516:11:47,8,0,0
2020-10-1516:11:46,8,0,0
2020-10-1516:11:46,8,0,0
2020-10-1516:11:48,6,0,0
2020-10-1516:11:48,6,0,0
2020-10-1516:11:48,6,0,0
2020-10-1516:11:48,6,0,0
2020-10-1516:11:48,6,0,0
2020-10-1516:11:48,8,0,0
2020-10-1516:11:49,8,0,0
2020-10-1516:11:49,8,0,0
2020-10-1516:11:49,8,0,0
2020-10-1516:11:49,8,0,0
2020-10-1516:11:49,8,0,0
2020-10-1516:11:49,8,0,0
2020-10-1516:11:49,8,0,0
2020-10-1516:11:50,8,0,0
2020-10-1516:11:50,8,0,0
2020-10-1516:11:50,8,0,0
2020-10-1516:11:51,8,0,0
2020-10-1516:11:51,8,0,0
2020-10-1516:11:51,8,0,0
2020-10-1516:11:52,8,0,0
2020-10-1516:11:52,8,0,0
2020-10-1516:11:53,8,0,0
2020-10-1516:11:53,8,0,0
2020-10-1516:11:53,8,0,0
2020-10-1516:11:54,8,0,0
2020-10-1516:11:54,8,0,0
2020-10-1516:11:55,8,0,0
2020-10-1516:11:55,8,0,0
2020-10-1516:11:55,8,0,0
2020-10-1516:11:56,8,0,0
2020-10-1516:11:56,8,0,0
2020-10-1516:11:57,8,0,0
2020-10-1516:11:57,6,0,0
2020-10-1516:11:57,6,0,0
2020-10-1516:11:58,6,0,0
2020-10-1516:11:58,8,0,0
2020-10-1516:11:59,8,0,0
2020-10-1516:11:59,8,0,0
2020-10-1516:11:59,8,0,0
2020-10-1516:12:00,8,0,0
2020-10-1516:12:00,8,0,0
2020-10-1516:12:01,8,0,0
2020-10-1516:12:01,8,0,0
2020-10-1516:12:01,8,0,0
2020-10-1516:12:02,8,0,0
2020-10-1516:12:02,8,0,0
2020-10-1516:12:03,8,0,0
2020-10-1516:12:03,8,0,0
2020-10-1516:12:03,8,0,0
2020-10-1516:12:04,8,0,0
2020-10-1516:12:04,8,0,0
2020-10-1516:12:05,8,0,0
2020-10-1516:12:05,8,0,0
2020-10-1516:12:05,8,0,0
2020-10-1516:12:06,8,0,0
2020-10-1516:12:06,8,0,0
2020-10-1516:12:07,8,0,0
2020-10-1516:12:07,6,0,0
2020-10-1516:12:07,6,0,0
2020-10-1516:12:08,6,0,0
2020-10-1516:12:08,8,0,0
2020-10-1516:12:09,8,0,0
2020-10-1516:12:09,8,0,0
2020-10-1516:12:09,8,0,0
2020-10-1516:12:10,8,0,0
2020-10-1516:12:10,8,0,0
2020-10-1516:12:11,8,0,0
2020-10-1516:12:11,8,0,0
2020-10-1516:12:11,8,0,0
2020-10-1516:12:12,8,0,0
2020-10-1516:12:12,8,0,0
2020-10-1516:12:13,8,0,0
2020-10-1516:12:13,8,0,0
2020-10-1516:12:13,8,0,0
2020-10-1516:12:14,,0,0
2020-10-1516:12:14,,0,0
2020-10-1516:12:15,,0,0
2020-10-1516:12:15,,0,0
2020-10-1516:12:15,8,0,0
2020-10-1516:12:16,8,0,0
2020-10-1516:12:16,8,0,0
2020-10-1516:12:17,8,0,0
2020-10-1516:12:17,8,0,0
2020-10-1516:12:17,8,0,0
2020-10-1516:12:18,8,0,0
2020-10-1516:12:18,6,0,0
2020-10-1516:12:19,6,0,0
2020-10-1516:12:19,8,0,0
2020-10-1516:12:19,8,0,0
2020-10-1516:12:20,8,0,0
2020-10-1516:12:20,8,0,0
2020-10-1516:12:21,8,0,0
2020-10-1516:12:21,8,0,0
2020-10-1516:12:21,8,0,0
2020-10-1516:12:22,8,0,0
2020-10-1516:12:22,8,0,0
2020-10-1516:12:23,8,0,0
2020-10-1516:12:23,8,0,0
2020-10-1516:12:23,8,0,0
2020-10-1516:12:24,8,0,0
2020-10-1516:12:24,8,0,0
2020-10-1516:12:25,8,0,0
2020-10-1516:12:25,8,0,0
2020-10-1516:12:25,8,0,0
2020-10-1516:12:26,8,0,0
2020-10-1516:12:26,8,0,0
2020-10-1516:12:27,8,0,0
2020-10-1516:12:27,8,0,0
2020-10-1516:12:27,8,0,0
2020-10-1516:12:28,8,0,0
2020-10-1516:12:28,8,0,0
2020-10-1516:12:28,8,0,0
2020-10-1516:12:29,8,0,0
2020-10-1516:12:29,8,0,0
2020-10-1516:12:30,8,0,0
2020-10-1516:12:30,8,0,0
2020-10-1516:12:30,8,0,0
2020-10-1516:12:31,8,0,0
2020-10-1516:12:31,8,0,0
2020-10-1516:12:32,8,0,0
2020-10-1516:12:32,8,0,0
2020-10-1516:12:33,8,0,0
2020-10-1516:12:33,8,0,0
2020-10-1516:12:33,8,0,0
2020-10-1516:12:34,8,0,0
2020-10-1516:12:34,8,0,0
2020-10-1516:12:35,8,0,0
2020-10-1516:12:35,6,0,0
2020-10-1516:12:35,6,0,0
2020-10-1516:12:36,6,0,0
2020-10-1516:12:36,8,0,0
2020-10-1516:12:37,8,0,0
2020-10-1516:12:37,8,0,0
2020-10-1516:12:37,8,0,0
2020-10-1516:12:38,8,0,0
2020-10-1516:12:38,8,0,0
2020-10-1516:12:39,8,0,0
2020-10-1516:12:39,8,0,0
2020-10-1516:12:39,8,0,0
2020-10-1516:12:40,8,0,0
2020-10-1516:12:40,8,0,0
2020-10-1516:12:41,8,0,0
2020-10-1516:12:41,8,0,0
2020-10-1516:12:41,8,0,0
2020-10-1516:12:42,8,0,0
2020-10-1516:12:42,8,0,0
2020-10-1516:12:43,8,0,0
2020-10-1516:12:43,8,0,0
2020-10-1516:12:43,8,0,0
2020-10-1516:12:44,8,0,0
2020-10-1516:12:44,8,0,0
2020-10-1516:12:45,8,0,0
2020-10-1516:12:45,8,0,0
2020-10-1516:12:45,8,0,0
2020-10-1516:12:46,8,0,0
2020-10-1516:12:46,8,0,0
2020-10-1516:12:47,8,0,0
2020-10-1516:12:47,8,0,0
2020-10-1516:12:47,8,0,0
2020-10-1516:12:46,8,0,0
2020-10-1516:12:48,8,0,0
2020-10-1516:12:49,8,0,0
2020-10-1516:12:49,8,0,0
2020-10-1516:12:49,8,0,0
2020-10-1516:12:50,8,0,0
2020-10-1516:12:50,8,0,0
2020-10-1516:12:51,8,0,0
2020-10-1516:12:51,8,0,0
2020-10-1516:12:51,8,0,0
2020-10-1516:12:52,8,0,0
2020-10-1516:12:52,8,0,0
2020-10-1516:12:53,8,0,0
2020-10-1516:12:53,8,0,0
2020-10-1516:12:53,8,0,0
2020-10-1516:12:54,8,0,0
2020-10-1516:12:54,8,0,0
2020-10-1516:12:55,8,0,0
2020-10-1516:12:55,8,0,0
2020-10-1516:12:55,8,0,0
2020-10-1516:12:56,8,0,0
2020-10-1516:12:56,8,0,0
2020-10-1516:12:57,8,0,0
2020-10-1516:12:57,8,0,0
2020-10-1516:12:57,8,0,0
2020-10-1516:12:58,8,0,0
2020-10-1516:12:58,8,0,0
2020-10-1516:12:59,8,0,0
2020-10-1516:12:59,8,0,0
2020-10-1516:12:59,8,0,0
2020-10-1516:13:00,8,0,0
2020-10-1516:13:00,8,0,0
2020-10-1516:13:01,8,0,0
2020-10-1516:13:01,8,0,0
2020-10-1516:13:01,8,0,0
2020-10-1516:13:02,8,0,0
2020-10-1516:13:02,8,0,0
2020-10-1516:13:03,8,0,0
2020-10-1516:13:03,6,0,0
2020-10-1516:13:03,6,0,0
2020-10-1516:13:04,6,0,0
2020-10-1516:13:04,,0,0
2020-10-1516:13:05,2,0,0
2020-10-1516:13:05,,0,0
2020-10-1516:13:05,,0,0
2020-10-1516:13:06,4,0,0
2020-10-1516:13:06,,0,0
2020-10-1516:13:07,,0,0
2020-10-1516:13:07,,0,0
2020-10-1516:13:07,10,0,0
2020-10-1516:13:08,12,0,0
2020-10-1516:13:08,,0,0
2020-10-1516:13:09,15,0,0
2020-10-1516:13:09,,0,0
2020-10-1516:13:09,18,0,0
2020-10-1516:13:10,0,0,0
2020-10-1516:13:10,27,0,0
2020-10-1516:13:11,,0,0
2020-10-1516:13:11,0,0,0
2020-10-1516:13:11,27,0,0
2020-10-1516:13:12,,0,0
2020-10-1516:13:12,,0,0
2020-10-1516:13:13,,0,0
2020-10-1516:13:13,,0,0
2020-10-1516:13:13,18,0,0
2020-10-1516:13:14,31,0,0
2020-10-1516:13:14,,0,0
2020-10-1516:13:15,33,0,0
2020-10-1516:13:15,,0,0
2020-10-1516:13:15,,0,0
2020-10-1516:13:16,,0,0
2020-10-1516:13:16,,0,0
2020-10-1516:13:17,,0,0
2020-10-1516:13:17,,0,0
2020-10-1516:13:17,,0,0
2020-10-1516:13:18,40,0,0
2020-10-1516:13:18,,0,0
2020-10-1516:13:19,42,0,0
2020-10-1516:13:19,43,0,0
2020-10-1516:13:19,43,0,0
2020-10-1516:13:20,,0,0
2020-10-1516:13:20,44,0,0
2020-10-1516:13:21,44,0,0
2020-10-1516:13:21,44,0,0
2020-10-1516:13:21,45,0,0
2020-10-1516:13:22,46,0,0
2020-10-1516:13:22,47,0,0
2020-10-1516:13:23,,0,0
2020-10-1516:13:23,47,0,0
2020-10-1516:13:23,46,0,0
2020-10-1516:13:24,46,0,0
2020-10-1516:13:24,4,0,0
2020-10-1516:13:25,4,0,0
2020-10-1516:13:25,,0,0
2020-10-1516:13:25,50,0,0
2020-10-1516:13:26,57,0,0
2020-10-1516:13:26,,0,0
2020-10-1516:13:26,,0,0
2020-10-1516:13:27,8,0,0
2020-10-1516:13:27,18,0,0
2020-10-1516:13:28,,0,0
2020-10-1516:13:28,,0,0
2020-10-1516:13:29,48,0,0
2020-10-1516:13:29,,0,0
2020-10-1516:13:29,45,0,0
2020-10-1516:13:30,,0,0
2020-10-1516:13:30,,0,0
2020-10-1516:13:31,42,0,0
2020-10-1516:13:31,,0,0
2020-10-1516:13:31,40,0,0
2020-10-1516:13:32,8,0,0
2020-10-1516:13:32,,0,0
2020-10-1516:13:33,,0,0
2020-10-1516:13:33,37,0,0
2020-10-1516:13:33,,0,0
2020-10-1516:13:34,36,0,0
2020-10-1516:13:34,36,0,0
2020-10-1516:13:35,36,0,0
2020-10-1516:13:35,36,0,0
2020-10-1516:13:35,,0,0
2020-10-1516:13:36,38,0,0
2020-10-1516:13:36,39,0,0
2020-10-1516:13:37,40,0,0
2020-10-1516:13:37,8,0,0
2020-10-1516:13:37,8,0,0
2020-10-1516:13:38,41,0,0
2020-10-1516:13:38,,0,0
2020-10-1516:13:39,40,0,0
2020-10-1516:13:39,40,0,0
2020-10-1516:13:39,40,0,0
2020-10-1516:13:40,40,0,0
2020-10-1516:13:40,40,0,0
2020-10-1516:13:41,,0,0
2020-10-1516:13:41,,0,0
2020-10-1516:13:41,42,0,0
2020-10-1516:13:42,4,0,0
2020-10-1516:13:42,43,0,0
2020-10-1516:13:43,43,0,0
2020-10-1516:13:43,45,0,0
2020-10-1516:13:43,46,0,0
2020-10-1516:13:44,4,0,0
2020-10-1516:13:44,,0,0
2020-10-1516:13:45,,0,0
2020-10-1516:13:45,4,0,0
2020-10-1516:13:45,,0,0
2020-10-1516:13:46,48,0,0
2020-10-1516:13:46,,0,0
2020-10-1516:13:47,48,0,0
2020-10-1516:13:47,48,0,0
2020-10-1516:13:47,48,0,0
2020-10-1516:13:48,48,0,0
2020-10-1516:13:48,49,0,0
2020-10-1516:13:49,,0,0
2020-10-1516:13:49,50,0,0
2020-10-1516:13:49,,0,0
2020-10-1516:13:50,51,0,0
2020-10-1516:13:50,51,0,0
2020-10-1516:13:51,,0,0
2020-10-1516:13:51,,0,0
2020-10-1516:13:51,,0,0
2020-10-1516:13:52,,0,0
2020-10-1516:13:52,,0,0
2020-10-1516:13:53,,0,0
2020-10-1516:13:53,51,0,0
2020-10-1516:13:53,51,0,0
2020-10-1516:13:54,50,0,0
2020-10-1516:13:54,49,0,0
2020-10-1516:13:55,49,0,0
2020-10-1516:13:55,48,0,0
2020-10-1516:13:55,,0,0
2020-10-1516:13:56,,0,0
2020-10-1516:13:56,,0,0
2020-10-1516:13:57,,0,0
2020-10-1516:13:57,48,0,0
2020-10-1516:13:57,48,0,0
2020-10-1516:13:58,48,0,0
2020-10-1516:13:58,48,0,0
2020-10-1516:13:59,48,0,0
2020-10-1516:13:59,49,0,0
2020-10-1516:14:00,,0,0
2020-10-1516:14:00,,0,0
2020-10-1516:14:01,48,0,0
2020-10-1516:14:01,48,0,0
2020-10-1516:14:01,48,0,0
2020-10-1516:14:02,48,0,0
2020-10-1516:14:02,,0,0
2020-10-1516:14:03,,0,0
2020-10-1516:14:03,49,0,0
2020-10-1516:14:03,49,0,0
2020-10-1516:14:04,8,0,0
2020-10-1516:14:04,8,0,0
2020-10-1516:14:05,50,0,0
2020-10-1516:14:05,51,0,0
2020-10-1516:14:05,,0,0
2020-10-1516:14:06,53,0,0
2020-10-1516:14:06,,0,0
2020-10-1516:14:07,54,0,0
2020-10-1516:14:07,,0,0
2020-10-1516:14:07,,0,0
2020-10-1516:14:08,,1,0
2020-10-1516:14:08,62,1,0
2020-10-1516:14:09,64,1,0
2020-10-1516:14:09,,1,0
2020-10-1516:14:09,69,1,0
2020-10-1516:14:10,,1,0
2020-10-1516:14:10,,1,0
2020-10-1516:14:11,,1,0
2020-10-1516:14:11,,1,0
2020-10-1516:14:11,,1,0
2020-10-1516:14:12,,1,0
2020-10-1516:14:12,,1,0
2020-10-1516:14:13,,1,0
2020-10-1516:14:13,,1,0
2020-10-1516:14:13,70,1,0
2020-10-1516:14:14,70,1,0
2020-10-1516:14:14,70,1,0
2020-10-1516:14:15,,1,0
2020-10-1516:14:15,,1,0
2020-10-1516:14:15,,1,0
2020-10-1516:14:16,,1,0
2020-10-1516:14:16,70,1,0
2020-10-1516:14:17,,1,0
2020-10-1516:14:17,68,1,0
2020-10-1516:14:17,67,1,0
2020-10-1516:14:18,66,1,0
2020-10-1516:14:18,66,1,0
2020-10-1516:14:19,,1,0
2020-10-1516:14:19,65,1,0
2020-10-1516:14:19,65,1,1
2020-10-1516:14:20,64,1,1
2020-10-1516:14:20,63,1,1
2020-10-1516:14:21,63,1,1
2020-10-1516:14:21,62,1,1
2020-10-1516:14:21,62,1,1
2020-10-1516:14:22,62,1,0
2020-10-1516:14:22,,1,0
2020-10-1516:14:23,,1,0
2020-10-1516:14:23,18,1,0
2020-10-1516:14:23,,1,0
2020-10-1516:14:24,,1,0
2020-10-1516:14:24,58,1,0
2020-10-1516:14:25,58,1,1
2020-10-1516:14:25,,1,1
2020-10-1516:14:25,,1,1
2020-10-1516:14:26,,1,1
2020-10-1516:14:26,,1,0
2020-10-1516:14:27,57,1,0
2020-10-1516:14:27,,1,0
2020-10-1516:14:27,,1,0
2020-10-1516:14:28,18,1,0
2020-10-1516:14:28,60,1,0
2020-10-1516:14:29,,1,0
2020-10-1516:14:29,62,1,0
2020-10-1516:14:29,63,1,0
2020-10-1516:14:30,64,1,0
2020-10-1516:14:30,65,1,0
2020-10-1516:14:31,66,1,0
2020-10-1516:14:31,,1,0
2020-10-1516:14:31,68,1,0
2020-10-1516:14:32,,1,0
2020-10-1516:14:32,68,1,0
2020-10-1516:14:33,66,1,0
2020-10-1516:14:33,,1,0
2020-10-1516:14:33,62,1,0
2020-10-1516:14:34,60,1,0
2020-10-1516:14:34,59,1,0
2020-10-1516:14:35,,1,0
2020-10-1516:14:35,55,1,0
2020-10-1516:14:35,,0,0
2020-10-1516:14:36,53,0,0
2020-10-1516:14:36,,0,0
2020-10-1516:14:37,,0,0
2020-10-1516:14:37,,0,0
2020-10-1516:14:37,,0,0
2020-10-1516:14:38,,0,0
2020-10-1516:14:38,,0,0
2020-10-1516:14:39,,0,0
2020-10-1516:14:39,,0,0
2020-10-1516:14:39,,0,0
2020-10-1516:14:40,,0,0
2020-10-1516:14:40,,0,0
2020-10-1516:14:41,57,0,0
2020-10-1516:14:41,,0,0
2020-10-1516:14:41,,0,0
2020-10-1516:14:42,,0,0
2020-10-1516:14:42,,0,0
2020-10-1516:14:43,,0,0
2020-10-1516:14:43,,0,0
2020-10-1516:14:43,,0,0
2020-10-1516:14:44,60,1,0
2020-10-1516:14:44,,1,0
2020-10-1516:14:45,,1,0
2020-10-1516:14:45,,1,0
2020-10-1516:14:45,63,1,0
2020-10-1516:14:46,,1,1
2020-10-1516:14:46,,1,1
2020-10-1516:14:47,,1,1
2020-10-1516:14:47,63,1,1
2020-10-1516:14:47,,1,1
2020-10-1516:14:46,,1,1
2020-10-1516:14:46,,1,1
2020-10-1516:14:49,18,1,1
2020-10-1516:14:49,,1,1
2020-10-1516:14:49,58,1,0
2020-10-1516:14:50,,1,0
2020-10-1516:14:50,57,1,0
2020-10-1516:14:51,57,1,0
2020-10-1516:14:51,57,1,0
2020-10-1516:14:51,57,1,0
2020-10-1516:14:52,57,1,0
2020-10-1516:14:52,,1,0
2020-10-1516:14:53,,1,0
2020-10-1516:14:53,56,1,0
2020-10-1516:14:53,,0,0
2020-10-1516:14:54,,0,0
2020-10-1516:14:54,,0,0
2020-10-1516:14:55,,0,0
2020-10-1516:14:55,51,0,0
2020-10-1516:14:55,51,0,0
2020-10-1516:14:56,18,0,0
2020-10-1516:14:56,49,0,0
2020-10-1516:14:57,,0,0
2020-10-1516:14:57,4,0,0
2020-10-1516:14:57,46,0,0
2020-10-1516:14:58,,0,0
2020-10-1516:14:58,,0,0
2020-10-1516:14:59,39,0,0
2020-10-1516:14:59,36,0,0
2020-10-1516:14:59,,0,0
2020-10-1516:15:00,29,0,0
2020-10-1516:15:00,,0,0
2020-10-1516:15:01,26,0,0
2020-10-1516:15:01,,0,0
2020-10-1516:15:01,23,0,0
2020-10-1516:15:02,,0,0
2020-10-1516:15:02,,0,0
2020-10-1516:15:03,20,0,0
2020-10-1516:15:03,18,0,0
2020-10-1516:15:03,,0,0
2020-10-1516:15:04,,0,0
2020-10-1516:15:04,,0,0
2020-10-1516:15:05,,0,0
2020-10-1516:15:05,,0,0
2020-10-1516:15:05,12,0,0
2020-10-1516:15:06,12,0,0
2020-10-1516:15:06,11,0,0
2020-10-1516:15:07,10,0,0
2020-10-1516:15:07,,0,0
2020-10-1516:15:07,,0,0
2020-10-1516:15:08,,0,0
2020-10-1516:15:08,,0,0
2020-10-1516:15:09,,0,0
2020-10-1516:15:09,,0,0
2020-10-1516:15:09,,0,0
2020-10-1516:15:10,,0,0
2020-10-1516:15:10,,0,0
2020-10-1516:15:11,,0,0
2020-10-1516:15:11,4,0,0
2020-10-1516:15:11,,0,0
2020-10-1516:15:12,10,0,0
2020-10-1516:15:12,11,0,0
2020-10-1516:15:13,12,0,0
2020-10-1516:15:13,12,0,0
2020-10-1516:15:13,12,0,0
2020-10-1516:15:14,10,0,0
2020-10-1516:15:14,,0,0
2020-10-1516:15:15,6,0,0
2020-10-1516:15:15,3,0,0
2020-10-1516:15:15,,0,0
2020-10-1516:15:16,,0,0
2020-10-1516:15:16,,0,0
2020-10-1516:15:17,8,0,0
2020-10-1516:15:17,8,0,0
2020-10-1516:15:17,8,0,0
2020-10-1516:15:18,8,0,0
2020-10-1516:15:18,8,0,0
2020-10-1516:15:19,8,0,0
2020-10-1516:15:19,8,0,0
2020-10-1516:15:19,,0,0
2020-10-1516:15:20,,0,0
2020-10-1516:15:20,,0,0
2020-10-1516:15:21,,0,0
2020-10-1516:15:21,,0,0
2020-10-1516:15:21,,0,0
2020-10-1516:15:22,,0,0
2020-10-1516:15:22,,0,0
2020-10-1516:15:23,8,0,0
2020-10-1516:15:23,8,0,0
2020-10-1516:15:23,0,0,0
2020-10-1516:15:24,0,0,0
2020-10-1516:15:24,0,0,0
2020-10-1516:15:25,0,0,0
2020-10-1516:15:25,0,0,0
2020-10-1516:15:25,8,0,0
2020-10-1516:15:26,8,0,0
2020-10-1516:15:26,8,0,0
2020-10-1516:15:27,8,0,0
2020-10-1516:15:27,8,0,0
2020-10-1516:15:27,,0,0
2020-10-1516:15:28,,0,0
2020-10-1516:15:28,,0,0
2020-10-1516:15:29,,0,0
2020-10-1516:15:29,8,0,0
2020-10-1516:15:29,8,0,0
2020-10-1516:15:30,8,0,0
2020-10-1516:15:30,8,0,0
2020-10-1516:15:31,8,0,0
2020-10-1516:15:31,8,0,0
2020-10-1516:15:31,8,0,0
2020-10-1516:15:32,8,0,0
2020-10-1516:15:32,8,0,0
2020-10-1516:15:33,8,0,0
2020-10-1516:15:33,8,0,0
2020-10-1516:15:33,8,0,0
2020-10-1516:15:34,8,0,0
2020-10-1516:15:34,8,0,0
2020-10-1516:15:35,0,0,0
2020-10-1516:15:35,0,0,0
2020-10-1516:15:35,8,0,0
2020-10-1516:15:36,8,0,0
2020-10-1516:15:36,8,0,0
2020-10-1516:15:37,,0,0
2020-10-1516:15:37,,0,0
2020-10-1516:15:37,8,0,0
2020-10-1516:15:38,8,0,0
2020-10-1516:15:38,8,0,0
2020-10-1516:15:39,9,0,0
2020-10-1516:15:39,9,0,0
2020-10-1516:15:39,0,0,0
2020-10-1516:15:40,0,0,0
2020-10-1516:15:40,0,0,0
2020-10-1516:15:41,8,0,0
2020-10-1516:15:41,8,0,0
2020-10-1516:15:41,8,0,0
2020-10-1516:15:42,8,0,0
2020-10-1516:15:42,8,0,0
2020-10-1516:15:43,,0,0
2020-10-1516:15:43,,0,0
2020-10-1516:15:43,9,0,0
2020-10-1516:15:44,9,0,0
2020-10-1516:15:44,9,0,0
2020-10-1516:15:45,8,0,0
2020-10-1516:15:45,8,0,0
2020-10-1516:15:45,8,0,0
2020-10-1516:15:46,8,0,0
2020-10-1516:15:46,8,0,0
2020-10-1516:15:47,8,0,0
2020-10-1516:15:47,8,0,0
2020-10-1516:15:47,0,0,0
2020-10-1516:15:46,0,0,0
2020-10-1516:15:46,0,0,0
2020-10-1516:15:49,,0,0
2020-10-1516:15:49,,0,0
2020-10-1516:15:49,8,0,0
2020-10-1516:15:50,8,0,0
2020-10-1516:15:50,8,0,0
2020-10-1516:15:51,8,0,0
2020-10-1516:15:51,8,0,0
2020-10-1516:15:51,,0,0
2020-10-1516:15:52,,0,0
2020-10-1516:15:52,,0,0
2020-10-1516:15:53,0,0,0
2020-10-1516:15:53,0,0,0
2020-10-1516:15:53,,0,0
2020-10-1516:15:54,,0,0
2020-10-1516:15:54,,0,0
2020-10-1516:15:55,8,0,0
2020-10-1516:15:55,8,0,0
2020-10-1516:15:55,,0,0
2020-10-1516:15:56,,0,0
2020-10-1516:15:56,,0,0
2020-10-1516:15:57,8,0,0
2020-10-1516:15:57,8,0,0
2020-10-1516:15:57,0,0,0
2020-10-1516:15:58,0,0,0
2020-10-1516:15:58,0,0,0
2020-10-1516:15:59,,0,0
2020-10-1516:15:59,,0,0
2020-10-1516:15:59,,0,0
2020-10-1516:16:00,,0,0
2020-10-1516:16:00,,0,0
2020-10-1516:16:01,0,0,0
2020-10-1516:16:01,0,0,0
2020-10-1516:16:01,,0,0
2020-10-1516:16:02,9,0,0
2020-10-1516:16:02,9,0,0
2020-10-1516:16:03,8,0,0
2020-10-1516:16:03,8,0,0
2020-10-1516:16:03,,0,0
2020-10-1516:16:04,,0,0
2020-10-1516:16:04,,0,0
2020-10-1516:16:05,8,0,0
2020-10-1516:16:05,8,0,0
2020-10-1516:16:05,8,0,0
2020-10-1516:16:06,,0,0
2020-10-1516:16:06,,0,0
2020-10-1516:16:07,5,0,0
2020-10-1516:16:07,,0,0
2020-10-1516:16:07,4,0,0
2020-10-1516:16:08,,0,0
2020-10-1516:16:08,,0,0
2020-10-1516:16:09,,0,0
2020-10-1516:16:09,,0,0
2020-10-1516:16:09,17,0,0
2020-10-1516:16:10,,0,0
2020-10-1516:16:10,10,0,0
2020-10-1516:16:11,,0,0
2020-10-1516:16:11,1,0,0
2020-10-1516:16:11,,0,0
2020-10-1516:16:12,,0,0
2020-10-1516:16:12,,0,0
2020-10-1516:16:13,15,0,0
2020-10-1516:16:13,17,0,0
2020-10-1516:16:13,,0,0
2020-10-1516:16:14,0,0,0
2020-10-1516:16:14,0,0,0
2020-10-1516:16:15,,0,0
2020-10-1516:16:15,22,0,0
2020-10-1516:16:15,,0,0
2020-10-1516:16:16,,0,0
2020-10-1516:16:16,5,0,0
2020-10-1516:16:17,27,0,0
2020-10-1516:16:17,27,0,0
2020-10-1516:16:17,28,0,0
2020-10-1516:16:18,28,0,0
2020-10-1516:16:18,28,0,0
2020-10-1516:16:19,29,0,0
2020-10-1516:16:19,29,0,0
2020-10-1516:16:19,29,0,0
2020-10-1516:16:20,29,0,0
2020-10-1516:16:20,29,0,0
2020-10-1516:16:21,,0,0
2020-10-1516:16:21,,0,0
2020-10-1516:16:21,30,0,0
2020-10-1516:16:22,18,0,0
2020-10-1516:16:22,,0,0
2020-10-1516:16:23,,0,0
2020-10-1516:16:23,,0,0
2020-10-1516:16:23,,0,0
2020-10-1516:16:24,,0,0
2020-10-1516:16:24,,0,0
2020-10-1516:16:25,,0,0
2020-10-1516:16:25,36,0,0
2020-10-1516:16:25,36,0,0
2020-10-1516:16:26,36,0,0
2020-10-1516:16:26,36,0,0
2020-10-1516:16:27,35,0,0
2020-10-1516:16:27,35,0,0
2020-10-1516:16:27,35,0,0
2020-10-1516:16:28,35,0,0
2020-10-1516:16:28,35,0,0
2020-10-1516:16:29,36,0,0
2020-10-1516:16:29,37,0,0
2020-10-1516:16:29,38,0,0
2020-10-1516:16:30,38,0,0
2020-10-1516:16:30,,0,0
2020-10-1516:16:31,39,0,0
2020-10-1516:16:31,40,0,0
2020-10-1516:16:31,8,0,0
2020-10-1516:16:32,38,0,0
2020-10-1516:16:32,,0,0
2020-10-1516:16:33,34,0,0
2020-10-1516:16:33,,0,0
2020-10-1516:16:33,26,0,0
