2020-10-1515:59:09,100,1,1
2020-10-1515:59:10,100,1,1
2020-10-1515:59:10,100,1,1
2020-10-1515:59:10,100,1,1
2020-10-1515:59:11,100,1,1
2020-10-1515:59:11,100,1,1
2020-10-1515:59:11,100,1,1
2020-10-1515:59:12,100,1,1
2020-10-1515:59:12,100,1,1
2020-10-1515:59:12,101,1,1
2020-10-1515:59:13,101,1,1
2020-10-1515:59:13,101,1,1
2020-10-1515:59:13,107,1,1
2020-10-1515:59:14,100,1,1
2020-10-1515:59:14,100,1,1
2020-10-1515:59:14,100,1,1
2020-10-1515:59:14,100,1,1
2020-10-1515:59:15,100,1,1
2020-10-1515:59:15,100,1,1
2020-10-1515:59:16,100,1,1
2020-10-1515:59:16,100,1,1
2020-10-1515:59:16,100,1,1
2020-10-1515:59:16,100,1,1
2020-10-1515:59:17,100,1,1
2020-10-1515:59:17,100,1,1
2020-10-1515:59:17,100,1,1
2020-10-1515:59:18,100,1,1
2020-10-1515:59:18,100,1,1
2020-10-1515:59:18,100,1,1
2020-10-1515:59:19,100,1,1
2020-10-1515:59:19,100,1,1
2020-10-1515:59:19,100,1,1
2020-10-1515:59:20,100,1,1
2020-10-1515:59:20,100,1,1
2020-10-1515:59:20,100,1,1
2020-10-1515:59:21,100,1,1
2020-10-1515:59:21,100,1,1
2020-10-1515:59:21,100,1,1
2020-10-1515:59:22,100,1,1
2020-10-1515:59:22,100,1,1
2020-10-1515:59:22,100,1,1
2020-10-1515:59:22,100,1,1
2020-10-1515:59:23,100,1,1
2020-10-1515:59:23,100,1,1
2020-10-1515:59:24,100,1,1
2020-10-1515:59:24,100,1,1
2020-10-1515:59:24,100,1,1
2020-10-1515:59:24,100,1,1
2020-10-1515:59:25,100,1,1
2020-10-1515:59:25,100,1,1
2020-10-1515:59:25,100,1,1
2020-10-1515:59:26,100,1,1
2020-10-1515:59:26,100,1,1
2020-10-1515:59:26,,1,1
2020-10-1515:59:27,100,1,1
2020-10-1515:59:27,100,1,1
2020-10-1515:59:27,100,1,1
2020-10-1515:59:28,100,1,1
2020-10-1515:59:28,100,1,1
2020-10-1515:59:28,100,1,1
2020-10-1515:59:29,100,1,1
2020-10-1515:59:29,100,1,1
2020-10-1515:59:29,100,1,1
2020-10-1515:59:30,100,1,1
2020-10-1515:59:30,100,1,1
2020-10-1515:59:30,100,1,1
2020-10-1515:59:31,100,1,1
2020-10-1515:59:31,100,1,1
2020-10-1515:59:31,100,1,1
2020-10-1515:59:31,100,1,1
2020-10-1515:59:32,100,1,1
2020-10-1515:59:32,100,1,1
2020-10-1515:59:32,100,1,0
2020-10-1515:59:33,100,1,0
2020-10-1515:59:33,100,1,0
2020-10-1515:59:33,100,1,0
2020-10-1515:59:34,100,1,0
2020-10-1515:59:34,100,1,0
2020-10-1515:59:34,100,1,0
2020-10-1515:59:35,100,1,1
2020-10-1515:59:35,100,1,1
2020-10-1515:59:35,100,1,1
2020-10-1515:59:36,100,1,1
2020-10-1515:59:36,100,1,1
2020-10-1515:59:36,100,1,1
2020-10-1515:59:36,100,1,1
2020-10-1515:59:37,100,1,1
2020-10-1515:59:37,100,1,1
2020-10-1515:59:37,100,1,1
2020-10-1515:59:38,100,1,1
2020-10-1515:59:38,100,1,1
2020-10-1515:59:38,100,1,0
2020-10-1515:59:39,100,1,0
2020-10-1515:59:39,100,1,0
2020-10-1515:59:39,100,1,1
2020-10-1515:59:40,,1,1
2020-10-1515:59:40,100,1,1
2020-10-1515:59:40,100,1,1
2020-10-1515:59:41,100,1,0
2020-10-1515:59:41,,1,0
2020-10-1515:59:41,,1,1
2020-10-1515:59:42,100,1,1
2020-10-1515:59:42,100,1,1
2020-10-1515:59:42,100,1,1
2020-10-1515:59:43,100,1,1
2020-10-1515:59:43,100,1,1
2020-10-1515:59:43,100,1,1
2020-10-1515:59:44,100,1,1
2020-10-1515:59:44,100,1,1
2020-10-1515:59:44,100,1,1
2020-10-1515:59:44,100,1,1
2020-10-1515:59:45,100,1,1
2020-10-1515:59:45,,1,1
2020-10-1515:59:45,,1,1
2020-10-1515:59:46,,1,1
2020-10-1515:59:46,101,1,1
2020-10-1515:59:46,101,1,1
2020-10-1515:59:47,101,1,1
2020-10-1515:59:47,101,1,1
2020-10-1515:59:47,101,1,1
2020-10-1515:59:46,101,1,1
2020-10-1515:59:48,101,1,1
2020-10-1515:59:48,101,1,1
2020-10-1515:59:49,100,1,1
2020-10-1515:59:49,100,1,1
2020-10-1515:59:49,,1,1
2020-10-1515:59:50,101,1,1
2020-10-1515:59:50,101,1,1
2020-10-1515:59:50,101,1,1
2020-10-1515:59:51,101,1,1
2020-10-1515:59:51,101,1,1
2020-10-1515:59:51,101,1,1
2020-10-1515:59:51,101,1,1
2020-10-1515:59:52,,1,1
2020-10-1515:59:52,101,1,1
2020-10-1515:59:52,,1,1
2020-10-1515:59:53,,1,1
2020-10-1515:59:53,,1,1
2020-10-1515:59:53,,1,1
2020-10-1515:59:54,,1,1
2020-10-1515:59:54,,1,1
2020-10-1515:59:54,,1,1
2020-10-1515:59:55,,1,1
2020-10-1515:59:55,,1,1
2020-10-1515:59:55,,1,1
2020-10-1515:59:56,,1,1
2020-10-1515:59:56,,1,1
2020-10-1515:59:56,100,1,1
2020-10-1515:59:57,100,1,1
2020-10-1515:59:57,,1,1
2020-10-1515:59:57,,1,1
2020-10-1515:59:58,96,1,1
2020-10-1515:59:58,96,1,1
2020-10-1515:59:58,98,1,1
2020-10-1515:59:59,,1,1
2020-10-1515:59:59,,1,1
2020-10-1515:59:59,,1,1
2020-10-1515:59:59,89,1,1
2020-10-1516:00:00,,1,1
2020-10-1516:00:00,86,1,1
2020-10-1516:00:00,,1,1
2020-10-1516:00:01,,1,1
2020-10-1516:00:01,82,1,1
2020-10-1516:00:01,80,1,1
2020-10-1516:00:02,79,1,1
2020-10-1516:00:02,,1,1
2020-10-1516:00:02,76,1,1
2020-10-1516:00:03,75,1,1
2020-10-1516:00:03,,1,1
2020-10-1516:00:03,,1,1
2020-10-1516:00:04,8,1,1
2020-10-1516:00:04,,1,1
2020-10-1516:00:04,,1,1
2020-10-1516:00:05,,1,1
2020-10-1516:00:05,65,1,0
2020-10-1516:00:05,15,1,0
2020-10-1516:00:06,,1,0
2020-10-1516:00:06,,1,0
2020-10-1516:00:06,,1,0
2020-10-1516:00:06,18,1,0
2020-10-1516:00:07,60,1,0
2020-10-1516:00:07,,1,0
2020-10-1516:00:07,,1,0
2020-10-1516:00:08,,1,0
2020-10-1516:00:08,,0,0
2020-10-1516:00:08,,0,0
2020-10-1516:00:09,,0,0
2020-10-1516:00:09,58,0,0
2020-10-1516:00:09,58,0,0
2020-10-1516:00:10,58,0,0
2020-10-1516:00:10,,0,0
2020-10-1516:00:10,,0,0
2020-10-1516:00:11,,0,0
2020-10-1516:00:11,58,0,0
2020-10-1516:00:11,58,0,0
2020-10-1516:00:12,58,0,0
2020-10-1516:00:12,,0,0
2020-10-1516:00:12,,0,0
2020-10-1516:00:13,,0,0
2020-10-1516:00:13,,0,0
2020-10-1516:00:13,,0,0
2020-10-1516:00:13,,0,0
2020-10-1516:00:14,,0,0
2020-10-1516:00:14,,0,0
2020-10-1516:00:14,97,0,0
2020-10-1516:00:15,97,0,0
2020-10-1516:00:15,,0,0
2020-10-1516:00:15,,0,0
2020-10-1516:00:16,,0,0
2020-10-1516:00:16,,0,0
2020-10-1516:00:16,,0,0
2020-10-1516:00:17,95,0,0
2020-10-1516:00:17,,0,0
2020-10-1516:00:17,,0,0
2020-10-1516:00:18,,0,0
2020-10-1516:00:18,,0,0
2020-10-1516:00:18,,0,0
2020-10-1516:00:19,,0,0
2020-10-1516:00:19,52,0,0
2020-10-1516:00:19,52,0,0
2020-10-1516:00:20,,0,0
2020-10-1516:00:20,52,0,0
2020-10-1516:00:20,52,0,0
2020-10-1516:00:20,52,0,0
2020-10-1516:00:21,52,0,0
2020-10-1516:00:21,,0,0
2020-10-1516:00:21,,0,0
2020-10-1516:00:22,,0,0
2020-10-1516:00:22,,0,0
2020-10-1516:00:22,37,0,0
2020-10-1516:00:23,97,0,0
2020-10-1516:00:23,50,0,0
2020-10-1516:00:23,49,0,0
2020-10-1516:00:24,48,0,0
2020-10-1516:00:24,,0,0
2020-10-1516:00:24,4,0,0
2020-10-1516:00:25,46,0,0
2020-10-1516:00:25,,0,0
2020-10-1516:00:25,,0,0
2020-10-1516:00:26,43,0,0
2020-10-1516:00:26,,0,0
2020-10-1516:00:26,,0,0
2020-10-1516:00:27,37,0,0
2020-10-1516:00:27,,0,0
2020-10-1516:00:27,,0,0
2020-10-1516:00:27,,0,0
2020-10-1516:00:28,,0,0
2020-10-1516:00:28,30,0,0
2020-10-1516:00:28,,0,0
2020-10-1516:00:29,,0,0
2020-10-1516:00:29,,0,0
2020-10-1516:00:29,,0,0
2020-10-1516:00:30,,0,0
2020-10-1516:00:30,,0,0
2020-10-1516:00:30,,0,0
2020-10-1516:00:31,,0,0
2020-10-1516:00:31,,0,0
2020-10-1516:00:31,39,0,0
2020-10-1516:00:32,1,0,0
2020-10-1516:00:32,31,0,0
2020-10-1516:00:32,,0,0
2020-10-1516:00:32,,0,0
2020-10-1516:00:33,,0,0
2020-10-1516:00:33,,0,0
2020-10-1516:00:33,,0,0
2020-10-1516:00:34,36,0,0
2020-10-1516:00:34,37,0,0
2020-10-1516:00:34,37,0,0
2020-10-1516:00:35,,0,0
2020-10-1516:00:35,,0,0
2020-10-1516:00:35,37,0,0
2020-10-1516:00:36,37,0,0
2020-10-1516:00:36,37,0,0
2020-10-1516:00:36,37,0,0
2020-10-1516:00:37,,0,0
2020-10-1516:00:37,,0,0
2020-10-1516:00:37,35,0,0
2020-10-1516:00:38,35,0,0
2020-10-1516:00:38,,0,0
2020-10-1516:00:38,,0,0
2020-10-1516:00:39,,0,0
2020-10-1516:00:39,,0,0
2020-10-1516:00:39,,0,0
2020-10-1516:00:39,,0,0
2020-10-1516:00:40,,0,0
2020-10-1516:00:40,,0,0
2020-10-1516:00:40,,0,0
2020-10-1516:00:41,,0,0
2020-10-1516:00:41,,0,0
2020-10-1516:00:41,27,0,0
2020-10-1516:00:42,27,0,0
2020-10-1516:00:42,26,0,0
2020-10-1516:00:42,26,0,0
2020-10-1516:00:43,26,0,0
2020-10-1516:00:43,26,0,0
2020-10-1516:00:43,26,0,0
2020-10-1516:00:44,26,0,0
2020-10-1516:00:44,,0,0
2020-10-1516:00:44,26,0,0
2020-10-1516:00:45,26,0,0
2020-10-1516:00:45,26,0,0
2020-10-1516:00:45,26,0,0
2020-10-1516:00:46,26,0,0
2020-10-1516:00:46,27,0,0
2020-10-1516:00:46,27,0,0
2020-10-1516:00:47,27,0,0
2020-10-1516:00:47,27,0,0
2020-10-1516:00:47,27,0,0
2020-10-1516:00:48,27,0,0
2020-10-1516:00:48,27,0,0
2020-10-1516:00:48,,0,0
2020-10-1516:00:48,,0,0
2020-10-1516:00:49,,0,0
2020-10-1516:00:49,,0,0
2020-10-1516:00:49,,0,0
2020-10-1516:00:50,1,0,0
2020-10-1516:00:50,31,0,0
2020-10-1516:00:50,31,0,0
2020-10-1516:00:51,,0,0
2020-10-1516:00:51,,0,0
2020-10-1516:00:51,,0,0
2020-10-1516:00:52,36,0,0
2020-10-1516:00:52,36,0,0
2020-10-1516:00:52,37,0,0
2020-10-1516:00:53,37,0,0
2020-10-1516:00:53,37,0,0
2020-10-1516:00:53,38,0,0
2020-10-1516:00:53,38,0,0
2020-10-1516:00:54,,0,0
2020-10-1516:00:54,,0,0
2020-10-1516:00:54,,0,0
2020-10-1516:00:55,40,0,0
2020-10-1516:00:55,40,0,0
2020-10-1516:00:55,40,0,0
2020-10-1516:00:56,40,0,0
2020-10-1516:00:56,,0,0
2020-10-1516:00:56,,0,0
2020-10-1516:00:57,,0,0
2020-10-1516:00:57,,0,0
2020-10-1516:00:57,35,0,0
2020-10-1516:00:58,,0,0
2020-10-1516:00:58,,0,0
2020-10-1516:00:58,8,0,0
2020-10-1516:00:59,,0,0
2020-10-1516:00:59,,0,0
2020-10-1516:00:59,,0,0
2020-10-1516:01:00,27,0,0
2020-10-1516:01:00,27,0,0
2020-10-1516:01:00,,0,0
2020-10-1516:01:01,26,0,0
2020-10-1516:01:01,27,0,0
2020-10-1516:01:01,,0,0
2020-10-1516:01:02,,0,0
2020-10-1516:01:02,,0,0
2020-10-1516:01:02,35,0,0
2020-10-1516:01:02,37,0,0
2020-10-1516:01:03,,0,0
2020-10-1516:01:03,,0,0
2020-10-1516:01:03,,0,0
2020-10-1516:01:04,45,0,0
2020-10-1516:01:04,45,0,0
2020-10-1516:01:04,46,0,0
2020-10-1516:01:05,47,0,0
2020-10-1516:01:05,48,0,0
2020-10-1516:01:05,48,0,0
2020-10-1516:01:06,48,0,0
2020-10-1516:01:06,47,0,0
2020-10-1516:01:06,4,0,0
2020-10-1516:01:07,4,0,0
2020-10-1516:01:07,46,0,0
2020-10-1516:01:07,46,0,0
2020-10-1516:01:08,45,0,0
2020-10-1516:01:08,45,0,0
2020-10-1516:01:08,,0,0
2020-10-1516:01:09,46,0,0
2020-10-1516:01:09,46,0,0
2020-10-1516:01:09,4,0,0
2020-10-1516:01:09,,0,0
2020-10-1516:01:10,,0,0
2020-10-1516:01:10,49,0,0
2020-10-1516:01:10,,0,0
2020-10-1516:01:11,7,0,0
2020-10-1516:01:11,,0,0
2020-10-1516:01:11,,0,0
2020-10-1516:01:12,,0,0
2020-10-1516:01:12,,0,0
2020-10-1516:01:12,2,0,0
2020-10-1516:01:13,,0,0
2020-10-1516:01:13,,0,0
2020-10-1516:01:13,,0,0
2020-10-1516:01:14,57,0,0
2020-10-1516:01:14,57,0,0
2020-10-1516:01:14,57,0,0
2020-10-1516:01:15,57,0,0
2020-10-1516:01:15,,0,0
2020-10-1516:01:15,,0,0
2020-10-1516:01:16,,0,0
2020-10-1516:01:16,,0,0
2020-10-1516:01:16,,0,0
2020-10-1516:01:16,,0,0
2020-10-1516:01:17,,0,0
2020-10-1516:01:17,,0,0
2020-10-1516:01:17,,0,0
2020-10-1516:01:18,,0,0
2020-10-1516:01:18,,0,0
2020-10-1516:01:18,,0,0
2020-10-1516:01:19,,0,0
2020-10-1516:01:19,,0,0
2020-10-1516:01:19,,0,0
2020-10-1516:01:20,56,0,0
2020-10-1516:01:20,55,0,0
2020-10-1516:01:20,55,0,0
2020-10-1516:01:21,,0,0
2020-10-1516:01:21,54,0,0
2020-10-1516:01:21,54,0,0
2020-10-1516:01:22,,0,0
2020-10-1516:01:22,53,0,0
2020-10-1516:01:22,53,0,0
2020-10-1516:01:23,53,0,0
2020-10-1516:01:23,,0,0
2020-10-1516:01:23,,0,0
2020-10-1516:01:23,,0,0
2020-10-1516:01:24,,0,0
2020-10-1516:01:24,,0,0
2020-10-1516:01:24,,0,0
2020-10-1516:01:25,,0,0
2020-10-1516:01:25,,0,0
2020-10-1516:01:25,51,0,0
2020-10-1516:01:26,51,0,0
2020-10-1516:01:26,,0,0
2020-10-1516:01:26,,0,0
2020-10-1516:01:27,,0,0
2020-10-1516:01:27,7,0,0
2020-10-1516:01:27,,0,0
2020-10-1516:01:28,,0,0
2020-10-1516:01:28,57,0,0
2020-10-1516:01:28,57,0,0
2020-10-1516:01:29,57,0,0
2020-10-1516:01:29,57,0,0
2020-10-1516:01:29,57,0,0
2020-10-1516:01:30,,0,0
2020-10-1516:01:30,53,0,0
2020-10-1516:01:30,,0,0
2020-10-1516:01:30,,0,0
2020-10-1516:01:31,,0,0
2020-10-1516:01:31,,0,0
2020-10-1516:01:31,,0,0
2020-10-1516:01:32,,0,0
2020-10-1516:01:32,,0,0
2020-10-1516:01:32,,0,0
2020-10-1516:01:33,,0,0
2020-10-1516:01:33,,0,0
2020-10-1516:01:33,,0,0
2020-10-1516:01:34,,0,0
2020-10-1516:01:34,,0,0
2020-10-1516:01:34,,0,0
2020-10-1516:01:35,,0,0
2020-10-1516:01:35,,0,0
2020-10-1516:01:35,,0,0
2020-10-1516:01:36,,0,0
2020-10-1516:01:36,,0,0
2020-10-1516:01:36,,0,0
2020-10-1516:01:36,,0,0
2020-10-1516:01:37,,0,0
2020-10-1516:01:37,,0,0
2020-10-1516:01:37,,0,0
2020-10-1516:01:38,,0,0
2020-10-1516:01:38,,0,0
2020-10-1516:01:38,,0,0
2020-10-1516:01:39,,0,0
2020-10-1516:01:39,,0,0
2020-10-1516:01:39,,0,0
2020-10-1516:01:40,,0,0
2020-10-1516:01:40,,0,0
2020-10-1516:01:40,,0,0
2020-10-1516:01:41,,0,0
2020-10-1516:01:41,,0,0
2020-10-1516:01:41,,0,0
2020-10-1516:01:42,,0,0
2020-10-1516:01:42,,0,0
2020-10-1516:01:42,,0,0
2020-10-1516:01:43,,0,0
2020-10-1516:01:43,58,0,0
2020-10-1516:01:43,,0,0
2020-10-1516:01:43,,0,0
2020-10-1516:01:44,,0,0
2020-10-1516:01:44,,0,0
2020-10-1516:01:44,,0,0
2020-10-1516:01:45,,0,0
2020-10-1516:01:45,,0,0
2020-10-1516:01:45,,0,0
2020-10-1516:01:46,8,0,0
2020-10-1516:01:46,60,1,1
2020-10-1516:01:46,60,1,1
2020-10-1516:01:47,,1,1
2020-10-1516:01:47,,1,1
2020-10-1516:01:47,,1,1
2020-10-1516:01:46,62,1,1
2020-10-1516:01:48,,1,1
2020-10-1516:01:48,63,1,1
2020-10-1516:01:49,63,1,1
2020-10-1516:01:49,63,1,1
2020-10-1516:01:49,63,1,1
2020-10-1516:01:50,,1,1
2020-10-1516:01:50,64,1,1
2020-10-1516:01:50,64,1,1
2020-10-1516:01:50,65,1,1
2020-10-1516:01:51,65,1,1
2020-10-1516:01:51,,1,1
2020-10-1516:01:51,66,1,1
2020-10-1516:01:52,66,1,1
2020-10-1516:01:52,,1,1
2020-10-1516:01:52,,1,1
2020-10-1516:01:53,,1,1
2020-10-1516:01:53,67,1,1
2020-10-1516:01:53,68,1,1
2020-10-1516:01:54,,1,1
2020-10-1516:01:54,68,1,1
2020-10-1516:01:54,68,1,1
2020-10-1516:01:55,,1,1
2020-10-1516:01:55,,1,1
2020-10-1516:01:55,66,1,1
2020-10-1516:01:56,,1,1
2020-10-1516:01:56,,1,1
2020-10-1516:01:56,64,1,1
2020-10-1516:01:57,62,1,1
2020-10-1516:01:57,,1,1
2020-10-1516:01:57,61,1,1
2020-10-1516:01:57,60,1,1
2020-10-1516:01:58,,1,1
2020-10-1516:01:58,58,1,1
2020-10-1516:01:58,,1,1
2020-10-1516:01:59,,1,0
2020-10-1516:01:59,54,1,0
2020-10-1516:01:59,53,1,0
2020-10-1516:02:00,50,1,0
2020-10-1516:02:00,,0,0
2020-10-1516:02:00,,0,0
2020-10-1516:02:01,,0,0
2020-10-1516:02:01,7,0,0
2020-10-1516:02:01,42,0,0
2020-10-1516:02:02,,0,0
2020-10-1516:02:02,8,0,0
2020-10-1516:02:02,,0,0
2020-10-1516:02:03,39,0,0
2020-10-1516:02:03,38,0,0
2020-10-1516:02:03,38,0,0
2020-10-1516:02:03,38,0,0
2020-10-1516:02:04,,0,0
2020-10-1516:02:04,38,0,0
2020-10-1516:02:04,38,0,0
2020-10-1516:02:05,38,0,0
2020-10-1516:02:05,38,0,0
2020-10-1516:02:05,38,0,0
2020-10-1516:02:06,38,0,0
2020-10-1516:02:06,,0,0
2020-10-1516:02:06,,0,0
2020-10-1516:02:07,,0,0
2020-10-1516:02:07,38,0,0
2020-10-1516:02:07,38,0,0
2020-10-1516:02:08,37,0,0
2020-10-1516:02:08,,0,0
2020-10-1516:02:08,35,0,0
2020-10-1516:02:09,,0,0
2020-10-1516:02:09,,0,0
2020-10-1516:02:09,33,0,0
2020-10-1516:02:10,,0,0
2020-10-1516:02:10,,0,0
2020-10-1516:02:10,,0,0
2020-10-1516:02:10,18,0,0
2020-10-1516:02:11,18,0,0
2020-10-1516:02:11,0,0,0
2020-10-1516:02:11,,0,0
2020-10-1516:02:12,,0,0
2020-10-1516:02:12,,0,0
2020-10-1516:02:12,,0,0
2020-10-1516:02:13,27,0,0
2020-10-1516:02:13,27,0,0
2020-10-1516:02:13,26,0,0
2020-10-1516:02:14,26,0,0
2020-10-1516:02:14,26,0,0
2020-10-1516:02:14,25,0,0
2020-10-1516:02:15,5,0,0
2020-10-1516:02:15,40,0,0
2020-10-1516:02:15,40,0,0
2020-10-1516:02:16,40,0,0
2020-10-1516:02:16,4,0,0
2020-10-1516:02:16,4,0,0
2020-10-1516:02:17,4,0,0
2020-10-1516:02:17,25,0,0
2020-10-1516:02:17,25,0,0
2020-10-1516:02:18,5,0,0
2020-10-1516:02:18,25,0,0
2020-10-1516:02:18,26,0,0
2020-10-1516:02:19,27,0,0
2020-10-1516:02:19,,0,0
2020-10-1516:02:19,30,0,0
2020-10-1516:02:19,30,0,0
2020-10-1516:02:20,,0,0
2020-10-1516:02:20,,0,0
2020-10-1516:02:20,34,0,0
2020-10-1516:02:21,,0,0
2020-10-1516:02:21,,0,0
2020-10-1516:02:21,36,0,0
2020-10-1516:02:22,36,0,0
2020-10-1516:02:22,36,0,0
2020-10-1516:02:22,36,0,0
2020-10-1516:02:23,,0,0
2020-10-1516:02:23,35,0,0
2020-10-1516:02:23,,0,0
2020-10-1516:02:24,,0,0
2020-10-1516:02:24,34,0,0
2020-10-1516:02:24,34,0,0
2020-10-1516:02:25,34,0,0
2020-10-1516:02:25,,0,0
2020-10-1516:02:25,35,0,0
2020-10-1516:02:26,35,0,0
2020-10-1516:02:26,36,0,0
2020-10-1516:02:26,36,0,0
2020-10-1516:02:26,37,0,0
2020-10-1516:02:27,37,0,0
2020-10-1516:02:27,38,0,0
2020-10-1516:02:27,38,0,0
2020-10-1516:02:28,38,0,0
2020-10-1516:02:28,,0,0
2020-10-1516:02:28,,0,0
2020-10-1516:02:29,39,0,0
2020-10-1516:02:29,39,0,0
2020-10-1516:02:29,38,0,0
2020-10-1516:02:30,38,0,0
2020-10-1516:02:30,,0,0
2020-10-1516:02:30,,0,0
2020-10-1516:02:31,36,0,0
2020-10-1516:02:31,,0,0
2020-10-1516:02:31,,0,0
2020-10-1516:02:32,,0,0
2020-10-1516:02:32,,0,0
2020-10-1516:02:32,,0,0
2020-10-1516:02:32,,0,0
2020-10-1516:02:33,,0,0
2020-10-1516:02:33,10,0,0
2020-10-1516:02:33,30,0,0
2020-10-1516:02:34,29,0,0
2020-10-1516:02:34,28,0,0
2020-10-1516:02:34,27,0,0
2020-10-1516:02:35,,0,0
2020-10-1516:02:35,26,0,0
2020-10-1516:02:35,26,0,0
2020-10-1516:02:36,,0,0
2020-10-1516:02:36,25,0,0
2020-10-1516:02:36,25,0,0
2020-10-1516:02:37,,0,0
2020-10-1516:02:37,,0,0
2020-10-1516:02:37,,0,0
2020-10-1516:02:38,,0,0
2020-10-1516:02:38,24,0,0
2020-10-1516:02:38,24,0,0
2020-10-1516:02:39,24,0,0
2020-10-1516:02:39,23,0,0
2020-10-1516:02:39,,0,0
2020-10-1516:02:39,,0,0
2020-10-1516:02:40,,0,0
2020-10-1516:02:40,,0,0
2020-10-1516:02:40,,0,0
2020-10-1516:02:41,,0,0
2020-10-1516:02:41,,0,0
2020-10-1516:02:41,,0,0
2020-10-1516:02:42,,0,0
2020-10-1516:02:42,,0,0
2020-10-1516:02:42,,0,0
2020-10-1516:02:43,,0,0
2020-10-1516:02:43,,0,0
2020-10-1516:02:43,,0,0
2020-10-1516:02:44,,0,0
2020-10-1516:02:44,4,0,0
2020-10-1516:02:44,25,0,0
2020-10-1516:02:45,4,0,0
2020-10-1516:02:45,25,0,0
2020-10-1516:02:45,25,0,0
2020-10-1516:02:46,25,0,0
2020-10-1516:02:46,5,0,0
2020-10-1516:02:46,5,0,0
2020-10-1516:02:46,5,0,0
2020-10-1516:02:47,49,0,0
2020-10-1516:02:47,49,0,0
2020-10-1516:02:47,26,0,0
2020-10-1516:02:48,26,0,0
2020-10-1516:02:48,26,0,0
2020-10-1516:02:48,26,0,0
2020-10-1516:02:49,26,0,0
2020-10-1516:02:49,26,0,0
2020-10-1516:02:49,26,0,0
2020-10-1516:02:50,26,0,0
2020-10-1516:02:50,26,0,0
2020-10-1516:02:50,27,0,0
2020-10-1516:02:51,27,0,0
2020-10-1516:02:51,,0,0
2020-10-1516:02:51,,0,0
2020-10-1516:02:52,,0,0
2020-10-1516:02:52,,0,0
2020-10-1516:02:52,,0,0
2020-10-1516:02:52,,0,0
2020-10-1516:02:53,,0,0
2020-10-1516:02:53,,0,0
2020-10-1516:02:53,8,0,0
2020-10-1516:02:54,18,0,0
2020-10-1516:02:54,8,0,0
2020-10-1516:02:54,8,0,0
2020-10-1516:02:55,8,0,0
2020-10-1516:02:55,,0,0
2020-10-1516:02:55,,0,0
2020-10-1516:02:56,,0,0
2020-10-1516:02:56,,0,0
2020-10-1516:02:56,,0,0
2020-10-1516:02:57,,0,0
2020-10-1516:02:57,,0,0
2020-10-1516:02:57,36,0,0
2020-10-1516:02:58,,0,0
2020-10-1516:02:58,,0,0
2020-10-1516:02:58,38,0,0
2020-10-1516:02:59,38,0,0
2020-10-1516:02:59,,0,0
2020-10-1516:02:59,,0,0
2020-10-1516:03:00,,0,0
2020-10-1516:03:00,,0,0
2020-10-1516:03:00,,0,0
2020-10-1516:03:01,40,0,0
2020-10-1516:03:01,8,0,0
2020-10-1516:03:01,8,0,0
2020-10-1516:03:01,40,0,0
2020-10-1516:03:02,40,0,0
2020-10-1516:03:02,8,0,0
2020-10-1516:03:02,8,0,0
2020-10-1516:03:03,8,0,0
2020-10-1516:03:03,,0,0
2020-10-1516:03:03,,0,0
2020-10-1516:03:04,,0,0
2020-10-1516:03:04,,0,0
2020-10-1516:03:04,,0,0
2020-10-1516:03:05,,0,0
2020-10-1516:03:05,,0,0
2020-10-1516:03:05,,0,0
2020-10-1516:03:06,,0,0
2020-10-1516:03:06,,0,0
2020-10-1516:03:06,,0,0
2020-10-1516:03:07,,0,0
2020-10-1516:03:07,,0,0
2020-10-1516:03:07,,0,0
2020-10-1516:03:08,,0,0
2020-10-1516:03:08,,0,0
2020-10-1516:03:08,,0,0
2020-10-1516:03:08,,0,0
2020-10-1516:03:09,,0,0
2020-10-1516:03:09,,0,0
2020-10-1516:03:09,,0,0
2020-10-1516:03:10,,0,0
2020-10-1516:03:10,,0,0
2020-10-1516:03:10,,0,0
2020-10-1516:03:11,,0,0
2020-10-1516:03:11,,0,0
2020-10-1516:03:11,,0,0
2020-10-1516:03:12,,0,0
2020-10-1516:03:12,,0,0
2020-10-1516:03:12,,0,0
2020-10-1516:03:13,,0,0
2020-10-1516:03:13,,0,0
2020-10-1516:03:13,,0,0
2020-10-1516:03:14,,0,0
2020-10-1516:03:14,,0,0
2020-10-1516:03:14,40,0,0
2020-10-1516:03:14,8,0,0
2020-10-1516:03:15,40,0,0
2020-10-1516:03:15,40,0,0
2020-10-1516:03:15,40,0,0
2020-10-1516:03:16,8,0,0
2020-10-1516:03:16,40,0,0
2020-10-1516:03:16,40,0,0
2020-10-1516:03:17,,0,0
2020-10-1516:03:17,42,0,0
2020-10-1516:03:17,,0,0
2020-10-1516:03:18,,0,0
2020-10-1516:03:18,,0,0
2020-10-1516:03:18,45,0,0
2020-10-1516:03:19,46,0,0
2020-10-1516:03:19,,0,0
2020-10-1516:03:19,,0,0
2020-10-1516:03:20,,0,0
2020-10-1516:03:20,,0,0
2020-10-1516:03:20,,0,0
2020-10-1516:03:21,,0,0
2020-10-1516:03:21,,0,0
2020-10-1516:03:21,,0,0
2020-10-1516:03:21,,0,0
2020-10-1516:03:22,,0,0
2020-10-1516:03:22,4,0,0
2020-10-1516:03:22,4,0,0
2020-10-1516:03:23,4,0,0
2020-10-1516:03:23,,0,0
2020-10-1516:03:23,,0,0
2020-10-1516:03:24,,0,0
2020-10-1516:03:24,46,0,0
2020-10-1516:03:24,,0,0
2020-10-1516:03:25,45,0,0
2020-10-1516:03:25,45,0,0
2020-10-1516:03:25,45,0,0
2020-10-1516:03:26,45,0,0
2020-10-1516:03:26,45,0,0
2020-10-1516:03:26,45,0,0
2020-10-1516:03:27,45,0,0
2020-10-1516:03:27,45,0,0
2020-10-1516:03:27,45,0,0
2020-10-1516:03:27,45,0,0
2020-10-1516:03:28,45,0,0
2020-10-1516:03:28,46,0,0
2020-10-1516:03:28,46,0,0
2020-10-1516:03:29,,0,0
2020-10-1516:03:29,,0,0
2020-10-1516:03:29,47,0,0
2020-10-1516:03:30,47,0,0
2020-10-1516:03:30,4,0,0
2020-10-1516:03:30,4,0,0
2020-10-1516:03:31,4,0,0
2020-10-1516:03:31,,0,0
2020-10-1516:03:31,,0,0
2020-10-1516:03:32,,0,0
2020-10-1516:03:32,47,0,0
2020-10-1516:03:32,47,0,0
2020-10-1516:03:33,47,0,0
2020-10-1516:03:33,,0,0
2020-10-1516:03:33,,0,0
2020-10-1516:03:34,,0,0
2020-10-1516:03:34,46,0,0
2020-10-1516:03:34,46,0,0
2020-10-1516:03:35,46,0,0
2020-10-1516:03:35,46,0,0
2020-10-1516:03:35,46,0,0
2020-10-1516:03:35,46,0,0
2020-10-1516:03:36,,0,0
2020-10-1516:03:36,,0,0
2020-10-1516:03:36,46,0,0
2020-10-1516:03:37,46,0,0
2020-10-1516:03:37,46,0,0
2020-10-1516:03:37,46,0,0
2020-10-1516:03:38,46,0,0
2020-10-1516:03:38,46,0,0
2020-10-1516:03:38,46,0,0
2020-10-1516:03:39,46,0,0
2020-10-1516:03:39,46,0,0
2020-10-1516:03:39,46,0,0
2020-10-1516:03:40,46,0,0
2020-10-1516:03:40,46,0,0
2020-10-1516:03:40,46,0,0
2020-10-1516:03:41,46,0,0
2020-10-1516:03:41,46,0,0
2020-10-1516:03:41,,0,0
2020-10-1516:03:41,,0,0
2020-10-1516:03:42,48,0,0
2020-10-1516:03:42,,0,0
2020-10-1516:03:42,4,0,0
2020-10-1516:03:43,49,0,0
2020-10-1516:03:43,49,0,0
2020-10-1516:03:43,,0,0
2020-10-1516:03:44,18,0,0
2020-10-1516:03:44,8,0,0
2020-10-1516:03:44,8,0,0
2020-10-1516:03:45,8,0,0
2020-10-1516:03:45,18,0,0
2020-10-1516:03:45,18,0,0
2020-10-1516:03:46,18,0,0
2020-10-1516:03:46,10,0,0
2020-10-1516:03:46,10,0,0
2020-10-1516:03:47,10,0,0
2020-10-1516:03:47,50,0,0
2020-10-1516:03:47,50,0,0
2020-10-1516:03:48,50,0,0
2020-10-1516:03:48,18,0,0
2020-10-1516:03:48,18,0,0
2020-10-1516:03:48,18,0,0
2020-10-1516:03:49,8,0,0
2020-10-1516:03:49,,0,0
2020-10-1516:03:49,49,0,0
2020-10-1516:03:50,,0,0
2020-10-1516:03:50,,0,0
2020-10-1516:03:50,49,0,0
2020-10-1516:03:51,49,0,0
2020-10-1516:03:51,49,0,0
2020-10-1516:03:51,49,0,0
2020-10-1516:03:52,49,0,0
2020-10-1516:03:52,,0,0
2020-10-1516:03:53,,0,0
2020-10-1516:03:53,,0,0
2020-10-1516:03:53,,0,0
2020-10-1516:03:54,,0,0
2020-10-1516:03:54,18,0,0
2020-10-1516:03:54,8,0,0
2020-10-1516:03:55,51,0,0
2020-10-1516:03:55,51,0,0
2020-10-1516:03:55,,0,0
2020-10-1516:03:56,53,0,0
2020-10-1516:03:56,53,0,0
2020-10-1516:03:56,,0,0
2020-10-1516:03:57,,0,0
2020-10-1516:03:57,54,0,0
2020-10-1516:03:57,55,0,0
2020-10-1516:03:58,55,0,0
2020-10-1516:03:58,55,0,0
2020-10-1516:03:58,,0,0
2020-10-1516:03:58,55,0,0
2020-10-1516:03:59,,0,0
2020-10-1516:03:59,55,0,0
2020-10-1516:04:00,,0,0
2020-10-1516:04:00,,0,0
2020-10-1516:04:00,,0,0
2020-10-1516:04:00,,0,0
2020-10-1516:04:01,,0,0
2020-10-1516:04:01,,0,0
2020-10-1516:04:01,,0,0
2020-10-1516:04:02,57,0,0
2020-10-1516:04:02,57,0,0
2020-10-1516:04:02,,0,0
2020-10-1516:04:03,,0,0
2020-10-1516:04:03,,0,0
2020-10-1516:04:03,97,0,0
2020-10-1516:04:04,97,0,0
2020-10-1516:04:04,97,0,0
2020-10-1516:04:04,,0,0
2020-10-1516:04:05,97,0,0
2020-10-1516:04:05,,0,0
2020-10-1516:04:05,,0,0
2020-10-1516:04:06,,0,0
2020-10-1516:04:06,56,0,0
2020-10-1516:04:06,,0,0
2020-10-1516:04:06,,0,0
2020-10-1516:04:07,,0,0
2020-10-1516:04:07,,0,0
2020-10-1516:04:07,58,0,0
2020-10-1516:04:08,60,0,0
2020-10-1516:04:08,60,1,0
2020-10-1516:04:08,62,1,0
2020-10-1516:04:09,7,1,0
2020-10-1516:04:09,,1,0
2020-10-1516:04:09,,1,0
2020-10-1516:04:10,,1,0
2020-10-1516:04:10,,1,0
2020-10-1516:04:10,,1,0
2020-10-1516:04:11,,1,0
2020-10-1516:04:11,69,1,0
2020-10-1516:04:11,70,1,0
2020-10-1516:04:12,,1,0
2020-10-1516:04:12,,1,0
2020-10-1516:04:12,,1,0
2020-10-1516:04:13,,1,0
2020-10-1516:04:13,,1,0
2020-10-1516:04:13,75,1,0
2020-10-1516:04:14,75,1,0
2020-10-1516:04:14,78,1,0
2020-10-1516:04:14,76,1,0
2020-10-1516:04:14,76,1,0
2020-10-1516:04:15,76,1,0
2020-10-1516:04:15,76,1,0
2020-10-1516:04:15,,1,0
2020-10-1516:04:16,,1,0
2020-10-1516:04:16,76,1,0
2020-10-1516:04:16,,1,0
2020-10-1516:04:17,,1,0
2020-10-1516:04:17,,1,1
2020-10-1516:04:17,,1,1
2020-10-1516:04:18,,1,1
2020-10-1516:04:18,77,1,1
2020-10-1516:04:18,,1,1
2020-10-1516:04:19,,1,1
2020-10-1516:04:19,78,1,1
2020-10-1516:04:19,,1,1
2020-10-1516:04:19,,1,1
2020-10-1516:04:20,,1,1
2020-10-1516:04:20,,1,1
2020-10-1516:04:20,,1,1
2020-10-1516:04:21,,1,1
2020-10-1516:04:21,,1,1
2020-10-1516:04:21,,1,1
2020-10-1516:04:22,,1,1
2020-10-1516:04:22,,1,1
2020-10-1516:04:22,75,1,1
2020-10-1516:04:23,75,1,1
2020-10-1516:04:23,75,1,1
2020-10-1516:04:23,75,1,1
