2020-10-1514:38:59,8,0,0
2020-10-1514:39:00,8,0,0
2020-10-1514:39:00,8,0,0
2020-10-1514:39:00,8,0,0
2020-10-1514:39:01,8,0,0
2020-10-1514:39:01,8,0,0
2020-10-1514:39:01,8,0,0
2020-10-1514:39:02,8,0,0
2020-10-1514:39:02,8,0,0
2020-10-1514:39:02,8,0,0
2020-10-1514:39:03,8,0,0
2020-10-1514:39:03,8,0,0
2020-10-1514:39:03,8,0,0
2020-10-1514:39:04,8,0,0
2020-10-1514:39:04,8,0,0
2020-10-1514:39:04,8,0,0
2020-10-1514:39:05,8,0,0
2020-10-1514:39:05,8,0,0
2020-10-1514:39:05,8,0,0
2020-10-1514:39:06,8,0,0
2020-10-1514:39:06,8,0,0
2020-10-1514:39:06,8,0,0
2020-10-1514:39:06,8,0,0
2020-10-1514:39:07,8,0,0
2020-10-1514:39:07,8,0,0
2020-10-1514:39:07,8,0,0
2020-10-1514:39:08,8,0,0
2020-10-1514:39:08,8,0,0
2020-10-1514:39:08,8,0,0
2020-10-1514:39:09,8,0,0
2020-10-1514:39:09,8,0,0
2020-10-1514:39:09,8,0,0
2020-10-1514:39:10,8,0,0
2020-10-1514:39:10,8,0,0
2020-10-1514:39:10,,0,0
2020-10-1514:39:11,,0,0
2020-10-1514:39:11,5,0,0
2020-10-1514:39:11,,0,0
2020-10-1514:39:12,,0,0
2020-10-1514:39:12,9,0,0
2020-10-1514:39:12,10,0,0
2020-10-1514:39:13,,0,0
2020-10-1514:39:13,,0,0
2020-10-1514:39:13,,0,0
2020-10-1514:39:14,,0,0
2020-10-1514:39:14,,0,0
2020-10-1514:39:14,12,0,0
2020-10-1514:39:14,12,0,0
2020-10-1514:39:15,12,0,0
2020-10-1514:39:15,12,0,0
2020-10-1514:39:15,,0,0
2020-10-1514:39:16,,0,0
2020-10-1514:39:16,,0,0
2020-10-1514:39:16,15,0,0
2020-10-1514:39:17,,0,0
2020-10-1514:39:17,16,0,0
2020-10-1514:39:17,16,0,0
2020-10-1514:39:18,,0,0
2020-10-1514:39:18,,0,0
2020-10-1514:39:18,18,0,0
2020-10-1514:39:19,18,0,0
2020-10-1514:39:19,4,0,0
2020-10-1514:39:19,4,0,0
2020-10-1514:39:20,20,0,0
2020-10-1514:39:20,,0,0
2020-10-1514:39:20,22,0,0
2020-10-1514:39:21,22,0,0
2020-10-1514:39:21,22,0,0
2020-10-1514:39:21,22,0,0
2020-10-1514:39:21,22,0,0
2020-10-1514:39:22,22,0,0
2020-10-1514:39:22,,0,0
2020-10-1514:39:22,,0,0
2020-10-1514:39:23,4,0,0
2020-10-1514:39:23,15,0,0
2020-10-1514:39:23,4,0,0
2020-10-1514:39:24,8,0,0
2020-10-1514:39:24,7,0,0
2020-10-1514:39:24,,0,0
2020-10-1514:39:25,,0,0
2020-10-1514:39:25,,0,0
2020-10-1514:39:25,3,0,0
2020-10-1514:39:26,4,0,0
2020-10-1514:39:26,,0,0
2020-10-1514:39:26,,0,0
2020-10-1514:39:27,,0,0
2020-10-1514:39:27,,0,0
2020-10-1514:39:27,,0,0
2020-10-1514:39:28,,0,0
2020-10-1514:39:28,8,0,0
2020-10-1514:39:28,8,0,0
2020-10-1514:39:28,6,0,0
2020-10-1514:39:29,6,0,0
2020-10-1514:39:29,6,0,0
2020-10-1514:39:29,,0,0
2020-10-1514:39:30,10,0,0
2020-10-1514:39:30,10,0,0
2020-10-1514:39:30,10,0,0
2020-10-1514:39:31,4,0,0
2020-10-1514:39:31,,0,0
2020-10-1514:39:31,,0,0
2020-10-1514:39:32,6,0,0
2020-10-1514:39:32,9,0,0
2020-10-1514:39:32,8,0,0
2020-10-1514:39:33,3,0,0
2020-10-1514:39:33,,0,0
2020-10-1514:39:33,,0,0
2020-10-1514:39:34,,0,0
2020-10-1514:39:34,,0,0
2020-10-1514:39:34,8,0,0
2020-10-1514:39:35,,0,0
2020-10-1514:39:35,,0,0
2020-10-1514:39:35,,0,0
2020-10-1514:39:35,8,0,0
2020-10-1514:39:36,8,0,0
2020-10-1514:39:36,8,0,0
2020-10-1514:39:36,8,0,0
2020-10-1514:39:37,8,0,0
2020-10-1514:39:37,8,0,0
2020-10-1514:39:37,1,0,0
2020-10-1514:39:38,2,0,0
2020-10-1514:39:38,,0,0
2020-10-1514:39:38,,0,0
2020-10-1514:39:39,,0,0
2020-10-1514:39:39,,0,0
2020-10-1514:39:39,,0,0
2020-10-1514:39:40,,0,0
2020-10-1514:39:40,9,0,0
2020-10-1514:39:40,,0,0
2020-10-1514:39:41,,0,0
2020-10-1514:39:41,,0,0
2020-10-1514:39:41,,0,0
2020-10-1514:39:42,4,0,0
2020-10-1514:39:42,,0,0
2020-10-1514:39:42,,0,0
2020-10-1514:39:42,,0,0
2020-10-1514:39:43,15,0,0
2020-10-1514:39:43,15,0,0
2020-10-1514:39:43,15,0,0
2020-10-1514:39:44,15,0,0
2020-10-1514:39:44,15,0,0
2020-10-1514:39:44,15,0,0
2020-10-1514:39:45,,0,0
2020-10-1514:39:45,,0,0
2020-10-1514:39:45,,0,0
2020-10-1514:39:46,,0,0
2020-10-1514:39:46,12,0,0
2020-10-1514:39:46,,0,0
2020-10-1514:39:47,10,0,0
2020-10-1514:39:47,4,0,0
2020-10-1514:39:47,8,0,0
2020-10-1514:39:48,7,0,0
2020-10-1514:39:48,6,0,0
2020-10-1514:39:48,,0,0
2020-10-1514:39:49,,0,0
2020-10-1514:39:49,,0,0
2020-10-1514:39:49,,0,0
2020-10-1514:39:49,,0,0
2020-10-1514:39:50,,0,0
2020-10-1514:39:50,,0,0
2020-10-1514:39:50,,0,0
2020-10-1514:39:51,2,0,0
2020-10-1514:39:51,1,0,0
2020-10-1514:39:51,1,0,0
2020-10-1514:39:52,1,0,0
2020-10-1514:39:52,8,0,0
2020-10-1514:39:52,8,0,0
2020-10-1514:39:53,8,0,0
2020-10-1514:39:53,8,0,0
2020-10-1514:39:53,8,0,0
2020-10-1514:39:54,8,0,0
2020-10-1514:39:54,8,0,0
2020-10-1514:39:54,8,0,0
2020-10-1514:39:55,8,0,0
2020-10-1514:39:55,8,0,0
2020-10-1514:39:55,8,0,0
2020-10-1514:39:56,8,0,0
2020-10-1514:39:56,8,0,0
2020-10-1514:39:56,8,0,0
2020-10-1514:39:56,8,0,0
2020-10-1514:39:57,8,0,0
2020-10-1514:39:57,8,0,0
2020-10-1514:39:57,8,0,0
2020-10-1514:39:58,8,0,0
2020-10-1514:39:58,8,0,0
2020-10-1514:39:58,8,0,0
2020-10-1514:39:59,8,0,0
2020-10-1514:39:59,8,0,0
2020-10-1514:39:59,8,0,0
2020-10-1514:40:00,8,0,0
2020-10-1514:40:00,8,0,0
2020-10-1514:40:00,8,0,0
2020-10-1514:40:01,8,0,0
2020-10-1514:40:01,8,0,0
2020-10-1514:40:01,8,0,0
2020-10-1514:40:02,8,0,0
2020-10-1514:40:02,8,0,0
2020-10-1514:40:02,8,0,0
2020-10-1514:40:02,1,0,0
2020-10-1514:40:03,,0,0
2020-10-1514:40:03,,0,0
2020-10-1514:40:03,3,0,0
2020-10-1514:40:04,3,0,0
2020-10-1514:40:04,3,0,0
2020-10-1514:40:04,,0,0
2020-10-1514:40:05,,0,0
2020-10-1514:40:05,,0,0
2020-10-1514:40:05,9,0,0
2020-10-1514:40:06,,0,0
2020-10-1514:40:06,5,0,0
2020-10-1514:40:06,3,0,0
2020-10-1514:40:07,3,0,0
2020-10-1514:40:07,3,0,0
2020-10-1514:40:07,,0,0
2020-10-1514:40:08,,0,0
2020-10-1514:40:08,,0,0
2020-10-1514:40:08,9,0,0
2020-10-1514:40:09,9,0,0
2020-10-1514:40:09,6,0,0
2020-10-1514:40:09,6,0,0
2020-10-1514:40:09,6,0,0
2020-10-1514:40:10,0,0,0
2020-10-1514:40:10,6,0,0
2020-10-1514:40:10,6,0,0
2020-10-1514:40:11,,0,0
2020-10-1514:40:11,,0,0
2020-10-1514:40:11,0,0,0
2020-10-1514:40:12,0,0,0
2020-10-1514:40:12,0,0,0
2020-10-1514:40:12,,0,0
2020-10-1514:40:13,,0,0
2020-10-1514:40:13,6,0,0
2020-10-1514:40:13,6,0,0
2020-10-1514:40:14,6,0,0
2020-10-1514:40:14,6,0,0
2020-10-1514:40:14,6,0,0
2020-10-1514:40:15,6,0,0
2020-10-1514:40:15,7,0,0
2020-10-1514:40:15,,0,0
2020-10-1514:40:16,4,0,0
2020-10-1514:40:16,10,0,0
2020-10-1514:40:16,13,0,0
2020-10-1514:40:16,13,0,0
2020-10-1514:40:17,,0,0
2020-10-1514:40:17,15,0,0
2020-10-1514:40:17,16,0,0
2020-10-1514:40:18,17,0,0
2020-10-1514:40:16,18,0,0
2020-10-1514:40:18,4,0,0
2020-10-1514:40:19,7,0,0
2020-10-1514:40:19,20,0,0
2020-10-1514:40:19,,0,0
2020-10-1514:40:20,23,0,0
2020-10-1514:40:20,25,0,0
2020-10-1514:40:20,26,0,0
2020-10-1514:40:21,,0,0
2020-10-1514:40:21,30,0,0
2020-10-1514:40:21,,0,0
2020-10-1514:40:22,34,0,0
2020-10-1514:40:22,36,0,0
2020-10-1514:40:22,37,0,0
2020-10-1514:40:23,40,0,0
2020-10-1514:40:23,42,0,0
2020-10-1514:40:23,45,0,0
2020-10-1514:40:23,47,0,0
2020-10-1514:40:24,50,0,0
2020-10-1514:40:24,,0,0
2020-10-1514:40:24,53,0,0
2020-10-1514:40:25,55,0,0
2020-10-1514:40:25,55,0,0
2020-10-1514:40:25,55,0,0
2020-10-1514:40:26,55,0,0
2020-10-1514:40:26,95,0,0
2020-10-1514:40:26,55,0,0
2020-10-1514:40:27,55,0,0
2020-10-1514:40:27,,0,0
2020-10-1514:40:27,53,0,0
2020-10-1514:40:28,,0,0
2020-10-1514:40:28,,0,0
2020-10-1514:40:28,,0,0
2020-10-1514:40:29,,0,0
2020-10-1514:40:29,93,0,0
2020-10-1514:40:29,,0,0
2020-10-1514:40:30,,0,0
2020-10-1514:40:30,95,0,0
2020-10-1514:40:30,95,0,0
2020-10-1514:40:30,95,0,0
2020-10-1514:40:31,26,0,0
2020-10-1514:40:31,,0,0
2020-10-1514:40:31,96,0,0
2020-10-1514:40:32,06,0,0
2020-10-1514:40:32,,0,0
2020-10-1514:40:32,,0,0
2020-10-1514:40:33,98,0,0
2020-10-1514:40:33,6,0,0
2020-10-1514:40:33,4,0,0
2020-10-1514:40:34,4,0,0
2020-10-1514:40:34,60,0,0
2020-10-1514:40:34,60,1,0
2020-10-1514:40:35,60,1,0
2020-10-1514:40:35,67,1,0
2020-10-1514:40:35,,1,0
2020-10-1514:40:36,,1,0
2020-10-1514:40:36,4,1,0
2020-10-1514:40:36,4,1,0
2020-10-1514:40:36,4,1,0
2020-10-1514:40:37,62,1,0
2020-10-1514:40:37,4,1,0
2020-10-1514:40:37,63,1,0
2020-10-1514:40:38,63,1,0
2020-10-1514:40:38,63,1,0
2020-10-1514:40:38,64,1,0
2020-10-1514:40:39,64,1,0
2020-10-1514:40:39,64,1,0
2020-10-1514:40:39,,1,0
2020-10-1514:40:40,,1,0
2020-10-1514:40:40,65,1,0
2020-10-1514:40:40,66,1,0
2020-10-1514:40:41,66,1,0
2020-10-1514:40:41,,1,0
2020-10-1514:40:41,,1,0
2020-10-1514:40:42,,1,0
2020-10-1514:40:42,,1,0
2020-10-1514:40:42,67,1,1
2020-10-1514:40:43,66,1,1
2020-10-1514:40:43,66,1,1
2020-10-1514:40:43,65,1,1
2020-10-1514:40:44,65,1,1
2020-10-1514:40:44,,1,1
2020-10-1514:40:44,64,1,1
2020-10-1514:40:45,64,1,1
2020-10-1514:40:45,64,1,1
2020-10-1514:40:45,63,1,1
2020-10-1514:40:45,63,1,1
2020-10-1514:40:46,63,1,1
2020-10-1514:40:46,63,1,1
2020-10-1514:40:46,63,1,1
2020-10-1514:40:47,63,1,1
2020-10-1514:40:47,64,1,1
2020-10-1514:40:47,64,1,1
2020-10-1514:40:48,,1,1
2020-10-1514:40:48,,1,1
2020-10-1514:40:48,65,1,1
2020-10-1514:40:49,65,1,1
2020-10-1514:40:49,65,1,1
2020-10-1514:40:49,66,1,1
2020-10-1514:40:50,66,1,1
2020-10-1514:40:50,66,1,1
2020-10-1514:40:50,67,1,1
2020-10-1514:40:51,67,1,1
2020-10-1514:40:51,67,1,1
2020-10-1514:40:51,67,1,1
2020-10-1514:40:52,68,1,1
2020-10-1514:40:52,68,1,1
2020-10-1514:40:52,68,1,1
2020-10-1514:40:52,,1,1
2020-10-1514:40:53,69,1,1
2020-10-1514:40:53,69,1,1
2020-10-1514:40:53,4,1,1
2020-10-1514:40:54,70,1,1
2020-10-1514:40:54,70,1,1
2020-10-1514:40:54,70,1,1
2020-10-1514:40:55,70,1,1
2020-10-1514:40:55,,1,1
2020-10-1514:40:55,,1,1
2020-10-1514:40:56,,1,1
2020-10-1514:40:56,,1,1
2020-10-1514:40:56,,1,1
2020-10-1514:40:57,70,1,1
2020-10-1514:40:57,70,1,1
2020-10-1514:40:57,70,1,1
2020-10-1514:40:58,70,1,1
2020-10-1514:40:58,70,1,1
2020-10-1514:40:58,70,1,1
2020-10-1514:40:58,69,1,1
2020-10-1514:40:59,69,1,1
2020-10-1514:40:59,69,1,1
2020-10-1514:40:59,69,1,1
2020-10-1514:41:00,69,1,1
2020-10-1514:41:00,68,1,1
2020-10-1514:41:00,68,1,1
2020-10-1514:41:01,68,1,1
2020-10-1514:41:01,67,1,1
2020-10-1514:41:01,,1,1
2020-10-1514:41:02,67,1,1
2020-10-1514:41:02,,1,1
2020-10-1514:41:02,66,1,1
2020-10-1514:41:03,66,1,1
2020-10-1514:41:03,66,1,1
2020-10-1514:41:03,66,1,0
2020-10-1514:41:04,66,1,0
2020-10-1514:41:04,65,1,0
2020-10-1514:41:04,65,1,0
2020-10-1514:41:05,65,1,0
2020-10-1514:41:05,65,1,0
2020-10-1514:41:05,65,1,0
2020-10-1514:41:06,65,1,0
2020-10-1514:41:06,65,1,0
2020-10-1514:41:06,66,1,0
2020-10-1514:41:06,66,1,0
2020-10-1514:41:07,66,1,0
2020-10-1514:41:07,66,1,0
2020-10-1514:41:07,67,1,0
2020-10-1514:41:08,67,1,0
2020-10-1514:41:08,68,1,0
2020-10-1514:41:08,68,1,0
2020-10-1514:41:09,69,1,0
2020-10-1514:41:09,70,0,0
2020-10-1514:41:09,,1,0
2020-10-1514:41:10,,0,0
2020-10-1514:41:10,4,0,0
2020-10-1514:41:10,73,1,0
2020-10-1514:41:11,,0,0
2020-10-1514:41:11,,1,0
2020-10-1514:41:11,,1,0
2020-10-1514:41:12,75,1,0
2020-10-1514:41:12,75,1,0
2020-10-1514:41:12,76,1,0
2020-10-1514:41:12,76,1,0
2020-10-1514:41:13,76,1,0
2020-10-1514:41:13,,1,0
2020-10-1514:41:13,77,1,0
2020-10-1514:41:14,,1,0
2020-10-1514:41:14,,1,0
2020-10-1514:41:14,,1,0
2020-10-1514:41:15,,1,0
2020-10-1514:41:15,,1,0
2020-10-1514:41:15,,1,0
2020-10-1514:41:16,,1,0
2020-10-1514:41:16,,1,0
2020-10-1514:41:16,,1,0
2020-10-1514:41:17,,1,0
2020-10-1514:41:17,,1,0
2020-10-1514:41:17,76,1,0
2020-10-1514:41:18,76,1,0
2020-10-1514:41:18,79,1,0
2020-10-1514:41:18,,1,0
2020-10-1514:41:19,,1,0
2020-10-1514:41:19,,1,0
2020-10-1514:41:19,,1,0
2020-10-1514:41:20,73,1,0
2020-10-1514:41:20,,1,1
2020-10-1514:41:20,,1,1
2020-10-1514:41:20,,1,1
2020-10-1514:41:21,40,1,1
2020-10-1514:41:21,70,1,1
2020-10-1514:41:21,69,1,1
2020-10-1514:41:22,68,1,1
2020-10-1514:41:22,68,1,1
2020-10-1514:41:22,4,1,1
2020-10-1514:41:23,66,1,0
2020-10-1514:41:23,66,0,0
2020-10-1514:41:23,66,1,0
2020-10-1514:41:24,65,1,0
2020-10-1514:41:24,65,1,0
2020-10-1514:41:24,65,0,0
2020-10-1514:41:25,,0,0
2020-10-1514:41:25,63,0,0
2020-10-1514:41:25,63,0,0
2020-10-1514:41:26,62,0,0
2020-10-1514:41:26,4,0,0
2020-10-1514:41:26,61,0,0
2020-10-1514:41:27,60,0,0
2020-10-1514:41:27,60,0,0
2020-10-1514:41:27,4,0,0
2020-10-1514:41:27,4,0,0
2020-10-1514:41:28,4,0,0
2020-10-1514:41:28,4,0,0
2020-10-1514:41:28,,0,0
2020-10-1514:41:29,59,0,0
2020-10-1514:41:29,4,0,0
2020-10-1514:41:29,,0,0
2020-10-1514:41:30,,0,0
2020-10-1514:41:30,,0,0
2020-10-1514:41:30,,0,0
2020-10-1514:41:31,58,0,0
2020-10-1514:41:31,58,0,0
2020-10-1514:41:31,58,0,0
2020-10-1514:41:32,59,0,0
2020-10-1514:41:32,4,1,0
2020-10-1514:41:32,60,1,0
2020-10-1514:41:33,60,1,0
2020-10-1514:41:33,60,0,0
2020-10-1514:41:33,60,0,0
2020-10-1514:41:34,60,0,0
2020-10-1514:41:34,60,0,0
2020-10-1514:41:34,60,0,0
2020-10-1514:41:34,60,0,0
2020-10-1514:41:35,60,0,0
2020-10-1514:41:35,4,0,0
2020-10-1514:41:35,4,0,0
2020-10-1514:41:36,,0,0
2020-10-1514:41:36,55,0,0
2020-10-1514:41:36,,0,0
2020-10-1514:41:37,53,0,0
2020-10-1514:41:37,02,0,0
2020-10-1514:41:37,,0,0
2020-10-1514:41:38,7,0,0
2020-10-1514:41:38,,0,0
2020-10-1514:41:38,51,0,0
2020-10-1514:41:39,51,0,0
2020-10-1514:41:39,51,0,0
2020-10-1514:41:39,51,0,0
2020-10-1514:41:40,52,0,0
2020-10-1514:41:40,52,0,0
2020-10-1514:41:40,53,0,0
2020-10-1514:41:40,54,0,0
2020-10-1514:41:41,,0,0
2020-10-1514:41:41,,0,0
2020-10-1514:41:41,,0,0
2020-10-1514:41:42,56,0,0
2020-10-1514:41:42,56,0,0
2020-10-1514:41:42,,0,0
2020-10-1514:41:43,,0,0
2020-10-1514:41:43,,0,0
2020-10-1514:41:43,,0,0
2020-10-1514:41:44,60,0,0
2020-10-1514:41:44,60,0,0
2020-10-1514:41:44,61,0,0
2020-10-1514:41:45,4,0,0
2020-10-1514:41:45,4,1,0
2020-10-1514:41:45,63,1,1
2020-10-1514:41:46,64,1,1
2020-10-1514:41:46,64,1,1
2020-10-1514:41:46,65,0,1
2020-10-1514:41:47,,1,1
2020-10-1514:41:47,66,1,0
2020-10-1514:41:47,66,1,0
2020-10-1514:41:47,66,1,0
2020-10-1514:41:46,66,1,0
2020-10-1514:41:46,66,1,0
2020-10-1514:41:48,65,1,0
2020-10-1514:41:49,65,1,1
2020-10-1514:41:49,65,1,1
2020-10-1514:41:49,65,1,1
2020-10-1514:41:50,64,1,1
2020-10-1514:41:50,64,1,1
2020-10-1514:41:50,,1,1
2020-10-1514:41:51,63,1,1
2020-10-1514:41:51,63,1,1
2020-10-1514:41:51,62,1,1
2020-10-1514:41:52,61,1,1
2020-10-1514:41:52,,1,1
2020-10-1514:41:52,60,1,1
2020-10-1514:41:53,60,1,1
2020-10-1514:41:53,4,1,1
2020-10-1514:41:53,,1,1
2020-10-1514:41:54,,1,1
2020-10-1514:41:54,96,1,1
2020-10-1514:41:54,95,1,0
2020-10-1514:41:54,,0,0
2020-10-1514:41:55,,0,0
2020-10-1514:41:55,,0,0
2020-10-1514:41:55,90,0,0
2020-10-1514:41:56,90,0,0
2020-10-1514:41:56,,0,0
2020-10-1514:41:56,,0,0
2020-10-1514:41:57,48,0,0
2020-10-1514:41:57,48,0,0
2020-10-1514:41:57,48,0,0
2020-10-1514:41:58,,0,0
2020-10-1514:41:58,,0,0
2020-10-1514:41:58,,0,0
2020-10-1514:41:59,49,0,0
2020-10-1514:41:59,,0,0
2020-10-1514:41:59,49,0,0
2020-10-1514:42:00,49,0,0
2020-10-1514:42:00,48,0,0
2020-10-1514:42:00,,0,0
2020-10-1514:42:01,,0,0
2020-10-1514:42:01,,0,0
2020-10-1514:42:01,46,0,0
2020-10-1514:42:02,,0,0
2020-10-1514:42:02,45,0,0
2020-10-1514:42:02,45,0,0
2020-10-1514:42:02,45,0,0
2020-10-1514:42:03,45,0,0
2020-10-1514:42:03,46,0,0
2020-10-1514:42:03,46,0,0
2020-10-1514:42:04,46,0,0
2020-10-1514:42:04,47,0,0
2020-10-1514:42:04,47,0,0
2020-10-1514:42:05,47,0,0
2020-10-1514:42:05,48,0,0
2020-10-1514:42:05,48,0,0
2020-10-1514:42:06,48,0,0
2020-10-1514:42:06,49,0,0
2020-10-1514:42:06,49,0,0
2020-10-1514:42:07,,0,0
2020-10-1514:42:07,49,0,0
2020-10-1514:42:07,49,0,0
2020-10-1514:42:08,49,0,0
2020-10-1514:42:08,49,0,0
2020-10-1514:42:08,90,0,0
2020-10-1514:42:09,90,0,0
2020-10-1514:42:09,90,0,0
2020-10-1514:42:09,4,0,0
2020-10-1514:42:09,,0,0
2020-10-1514:42:10,49,0,0
2020-10-1514:42:10,,0,0
2020-10-1514:42:10,,0,0
2020-10-1514:42:11,49,0,0
2020-10-1514:42:11,4,0,0
2020-10-1514:42:11,49,0,0
2020-10-1514:42:12,,0,0
2020-10-1514:42:12,90,0,0
2020-10-1514:42:12,90,0,0
2020-10-1514:42:13,18,0,0
2020-10-1514:42:13,50,0,0
2020-10-1514:42:13,90,0,0
2020-10-1514:42:14,,0,0
2020-10-1514:42:14,,0,0
2020-10-1514:42:14,7,0,0
2020-10-1514:42:15,,0,0
2020-10-1514:42:15,7,0,0
2020-10-1514:42:15,,0,0
2020-10-1514:42:16,90,0,0
2020-10-1514:42:16,50,0,0
2020-10-1514:42:16,90,0,0
2020-10-1514:42:16,90,0,0
2020-10-1514:42:17,49,0,0
2020-10-1514:42:17,49,0,0
2020-10-1514:42:17,49,0,0
2020-10-1514:42:18,48,0,0
2020-10-1514:42:18,,0,0
2020-10-1514:42:18,,0,0
2020-10-1514:42:19,,0,0
2020-10-1514:42:19,48,0,0
2020-10-1514:42:19,,0,0
2020-10-1514:42:20,,0,0
2020-10-1514:42:20,,0,0
2020-10-1514:42:20,,0,0
2020-10-1514:42:21,49,0,0
2020-10-1514:42:21,,0,0
2020-10-1514:42:21,,0,0
2020-10-1514:42:22,,0,0
2020-10-1514:42:22,50,0,0
2020-10-1514:42:22,50,0,0
2020-10-1514:42:22,50,0,0
2020-10-1514:42:23,50,0,0
2020-10-1514:42:23,50,0,0
2020-10-1514:42:23,50,0,0
2020-10-1514:42:24,50,0,0
2020-10-1514:42:24,50,0,0
2020-10-1514:42:24,50,0,0
2020-10-1514:42:25,50,0,0
2020-10-1514:42:25,50,0,0
2020-10-1514:42:25,50,0,0
2020-10-1514:42:26,50,0,0
2020-10-1514:42:26,50,0,0
2020-10-1514:42:26,50,0,0
2020-10-1514:42:27,49,0,0
2020-10-1514:42:27,90,0,0
2020-10-1514:42:27,50,0,0
2020-10-1514:42:28,50,0,0
2020-10-1514:42:28,318,0,0
2020-10-1514:42:28,4,0,0
2020-10-1514:42:29,4,0,0
2020-10-1514:42:29,,0,0
2020-10-1514:42:29,47,0,0
2020-10-1514:42:29,46,0,0
2020-10-1514:42:30,,0,0
2020-10-1514:42:30,,0,0
2020-10-1514:42:30,43,0,0
2020-10-1514:42:31,,0,0
2020-10-1514:42:31,4,0,0
2020-10-1514:42:31,,0,0
2020-10-1514:42:32,,0,0
2020-10-1514:42:32,,0,0
2020-10-1514:42:32,,0,0
2020-10-1514:42:33,,0,0
2020-10-1514:42:33,,0,0
2020-10-1514:42:33,,0,0
2020-10-1514:42:34,,0,0
2020-10-1514:42:34,,0,0
2020-10-1514:42:34,76,0,0
2020-10-1514:42:35,76,0,0
2020-10-1514:42:35,39,0,0
2020-10-1514:42:35,,0,0
2020-10-1514:42:36,38,0,0
2020-10-1514:42:36,,0,0
2020-10-1514:42:36,36,0,0
2020-10-1514:42:37,36,0,0
2020-10-1514:42:37,,0,0
2020-10-1514:42:37,33,0,0
2020-10-1514:42:37,32,0,0
2020-10-1514:42:38,30,0,0
2020-10-1514:42:38,28,0,0
2020-10-1514:42:38,25,0,0
2020-10-1514:42:39,23,0,0
2020-10-1514:42:39,20,0,0
2020-10-1514:42:39,,0,0
2020-10-1514:42:40,4,0,0
2020-10-1514:42:40,16,0,0
2020-10-1514:42:40,16,0,0
2020-10-1514:42:41,15,0,0
2020-10-1514:42:41,15,0,0
2020-10-1514:42:41,15,0,0
2020-10-1514:42:42,15,0,0
2020-10-1514:42:42,15,0,0
2020-10-1514:42:42,16,0,0
2020-10-1514:42:43,16,0,0
2020-10-1514:42:43,16,0,0
2020-10-1514:42:43,16,0,0
2020-10-1514:42:44,15,0,0
2020-10-1514:42:44,14,0,0
2020-10-1514:42:44,,0,0
2020-10-1514:42:44,3,0,0
2020-10-1514:42:45,,0,0
2020-10-1514:42:45,,0,0
2020-10-1514:42:45,,0,0
2020-10-1514:42:46,1,0,0
2020-10-1514:42:46,8,0,0
2020-10-1514:42:46,8,0,0
2020-10-1514:42:47,8,0,0
2020-10-1514:42:47,8,0,0
2020-10-1514:42:47,8,0,0
2020-10-1514:42:48,8,0,0
2020-10-1514:42:48,8,0,0
2020-10-1514:42:48,8,0,0
2020-10-1514:42:49,8,0,0
2020-10-1514:42:49,8,0,0
2020-10-1514:42:49,8,0,0
2020-10-1514:42:50,8,0,0
2020-10-1514:42:50,8,0,0
2020-10-1514:42:50,8,0,0
2020-10-1514:42:50,9,0,0
2020-10-1514:42:51,9,0,0
2020-10-1514:42:51,9,0,0
2020-10-1514:42:51,8,0,0
2020-10-1514:42:52,8,0,0
2020-10-1514:42:52,8,0,0
2020-10-1514:42:52,8,0,0
2020-10-1514:42:53,8,0,0
2020-10-1514:42:53,8,0,0
2020-10-1514:42:53,,0,0
2020-10-1514:42:54,,0,0
2020-10-1514:42:54,,0,0
2020-10-1514:42:54,,0,0
2020-10-1514:42:55,9,0,0
2020-10-1514:42:55,9,0,0
2020-10-1514:42:55,0,0,0
2020-10-1514:42:56,0,0,0
2020-10-1514:42:56,0,0,0
2020-10-1514:42:56,8,0,0
2020-10-1514:42:57,8,0,0
2020-10-1514:42:57,8,0,0
2020-10-1514:42:57,8,0,0
2020-10-1514:42:57,8,0,0
2020-10-1514:42:57,8,0,0
2020-10-1514:42:58,8,0,0
2020-10-1514:42:58,0,0,0
2020-10-1514:42:58,0,0,0
2020-10-1514:42:59,0,0,0
2020-10-1514:42:59,8,0,0
2020-10-1514:42:59,8,0,0
2020-10-1514:43:00,8,0,0
2020-10-1514:43:00,9,0,0
2020-10-1514:43:00,9,0,0
2020-10-1514:43:01,8,0,0
2020-10-1514:43:01,8,0,0
2020-10-1514:43:01,8,0,0
2020-10-1514:43:01,8,0,0
2020-10-1514:43:02,8,0,0
2020-10-1514:43:02,8,0,0
2020-10-1514:43:02,8,0,0
2020-10-1514:43:03,0,0,0
2020-10-1514:43:03,0,0,0
2020-10-1514:43:03,0,0,0
2020-10-1514:43:04,0,0,0
2020-10-1514:43:04,,0,0
2020-10-1514:43:04,,0,0
2020-10-1514:43:05,,0,0
2020-10-1514:43:05,8,0,0
2020-10-1514:43:05,8,0,0
2020-10-1514:43:06,8,0,0
2020-10-1514:43:06,8,0,0
2020-10-1514:43:06,8,0,0
2020-10-1514:43:07,8,0,0
2020-10-1514:43:07,8,0,0
2020-10-1514:43:07,8,0,0
2020-10-1514:43:08,8,0,0
2020-10-1514:43:08,8,0,0
2020-10-1514:43:08,8,0,0
2020-10-1514:43:09,8,0,0
2020-10-1514:43:09,8,0,0
2020-10-1514:43:09,8,0,0
2020-10-1514:43:10,8,0,0
2020-10-1514:43:10,8,0,0
2020-10-1514:43:10,8,0,0
2020-10-1514:43:10,8,0,0
2020-10-1514:43:11,8,0,0
2020-10-1514:43:11,9,0,0
2020-10-1514:43:11,9,0,0
2020-10-1514:43:12,9,0,0
2020-10-1514:43:12,8,0,0
2020-10-1514:43:12,8,0,0
2020-10-1514:43:13,8,0,0
2020-10-1514:43:13,9,0,0
2020-10-1514:43:13,,0,0
2020-10-1514:43:14,,0,0
2020-10-1514:43:14,8,0,0
2020-10-1514:43:14,8,0,0
2020-10-1514:43:15,8,0,0
2020-10-1514:43:15,9,0,0
2020-10-1514:43:15,9,0,0
2020-10-1514:43:15,9,0,0
2020-10-1514:43:16,9,0,0
2020-10-1514:43:16,9,0,0
2020-10-1514:43:16,9,0,0
2020-10-1514:43:17,8,0,0
2020-10-1514:43:17,8,0,0
2020-10-1514:43:17,8,0,0
2020-10-1514:43:18,8,0,0
2020-10-1514:43:18,8,0,0
2020-10-1514:43:18,8,0,0
2020-10-1514:43:19,8,0,0
2020-10-1514:43:19,8,0,0
2020-10-1514:43:19,8,0,0
2020-10-1514:43:20,8,0,0
2020-10-1514:43:20,9,0,0
2020-10-1514:43:20,9,0,0
2020-10-1514:43:21,9,0,0
2020-10-1514:43:21,8,0,0
2020-10-1514:43:21,8,0,0
2020-10-1514:43:22,8,0,0
2020-10-1514:43:22,8,0,0
2020-10-1514:43:22,8,0,0
2020-10-1514:43:23,8,0,0
2020-10-1514:43:23,8,0,0
2020-10-1514:43:23,8,0,0
2020-10-1514:43:23,8,0,0
2020-10-1514:43:24,1,0,0
2020-10-1514:43:24,,0,0
2020-10-1514:43:24,4,0,0
2020-10-1514:43:25,,0,0
2020-10-1514:43:25,,0,0
2020-10-1514:43:25,10,0,0
2020-10-1514:43:26,,0,0
2020-10-1514:43:26,15,0,0
2020-10-1514:43:26,,0,0
2020-10-1514:43:27,,0,0
2020-10-1514:43:27,,0,0
2020-10-1514:43:27,25,0,0
2020-10-1514:43:28,26,0,0
2020-10-1514:43:28,29,0,0
2020-10-1514:43:28,18,0,0
2020-10-1514:43:29,32,0,0
2020-10-1514:43:29,,0,0
2020-10-1514:43:29,,0,0
2020-10-1514:43:30,35,0,0
2020-10-1514:43:30,36,0,0
2020-10-1514:43:30,,0,0
2020-10-1514:43:30,38,0,0
2020-10-1514:43:31,,0,0
2020-10-1514:43:31,,0,0
2020-10-1514:43:31,8,0,0
2020-10-1514:43:32,40,0,0
2020-10-1514:43:32,,0,0
2020-10-1514:43:32,,0,0
2020-10-1514:43:33,,0,0
2020-10-1514:43:33,,0,0
2020-10-1514:43:33,,0,0
2020-10-1514:43:34,41,0,0
2020-10-1514:43:34,41,0,0
2020-10-1514:43:34,,0,0
2020-10-1514:43:35,41,0,0
2020-10-1514:43:35,,0,0
2020-10-1514:43:35,41,0,0
2020-10-1514:43:36,,0,0
2020-10-1514:43:36,40,0,0
2020-10-1514:43:36,40,0,0
2020-10-1514:43:36,18,0,0
2020-10-1514:43:37,39,0,0
2020-10-1514:43:37,38,0,0
2020-10-1514:43:37,38,0,0
2020-10-1514:43:38,37,0,0
2020-10-1514:43:38,37,0,0
2020-10-1514:43:38,36,0,0
2020-10-1514:43:39,35,0,0
2020-10-1514:43:39,34,0,0
2020-10-1514:43:39,,0,0
2020-10-1514:43:40,32,0,0
2020-10-1514:43:40,32,0,0
2020-10-1514:43:40,,0,0
2020-10-1514:43:41,30,0,0
2020-10-1514:43:41,28,0,0
2020-10-1514:43:41,28,0,0
2020-10-1514:43:42,27,0,0
2020-10-1514:43:42,26,0,0
2020-10-1514:43:42,26,0,0
2020-10-1514:43:43,29,0,0
2020-10-1514:43:43,,0,0
2020-10-1514:43:43,23,0,0
2020-10-1514:43:43,23,0,0
2020-10-1514:43:44,,0,0
2020-10-1514:43:44,22,0,0
2020-10-1514:43:44,22,0,0
2020-10-1514:43:45,20,0,0
2020-10-1514:43:45,20,0,0
2020-10-1514:43:45,,0,0
2020-10-1514:43:46,4,0,0
2020-10-1514:43:46,4,0,0
2020-10-1514:43:46,16,0,0
2020-10-1514:43:47,16,0,0
2020-10-1514:43:47,16,0,0
2020-10-1514:43:47,16,0,0
2020-10-1514:43:48,15,0,0
2020-10-1514:43:48,16,0,0
2020-10-1514:43:48,16,0,0
2020-10-1514:43:49,,0,0
2020-10-1514:43:49,18,0,0
2020-10-1514:43:49,18,0,0
2020-10-1514:43:50,20,0,0
2020-10-1514:43:50,,0,0
2020-10-1514:43:50,22,0,0
2020-10-1514:43:51,23,0,0
2020-10-1514:43:51,,0,0
2020-10-1514:43:51,25,0,0
2020-10-1514:43:51,26,0,0
2020-10-1514:43:52,27,0,0
2020-10-1514:43:52,28,0,0
2020-10-1514:43:52,28,0,0
2020-10-1514:43:53,28,0,0
2020-10-1514:43:53,28,0,0
2020-10-1514:43:53,28,0,0
2020-10-1514:43:54,,0,0
2020-10-1514:43:54,4,0,0
2020-10-1514:43:54,28,0,0
2020-10-1514:43:55,28,0,0
2020-10-1514:43:55,28,0,0
2020-10-1514:43:55,27,0,0
2020-10-1514:43:56,27,0,0
2020-10-1514:43:56,27,0,0
2020-10-1514:43:56,26,0,0
2020-10-1514:43:57,25,0,0
2020-10-1514:43:57,,0,0
2020-10-1514:43:57,,0,0
2020-10-1514:43:58,22,0,0
2020-10-1514:43:58,,0,0
2020-10-1514:43:58,18,0,0
2020-10-1514:43:58,,0,0
2020-10-1514:43:59,,0,0
2020-10-1514:43:59,,0,0
2020-10-1514:43:59,,0,0
2020-10-1514:44:00,,0,0
2020-10-1514:44:00,,0,0
2020-10-1514:44:00,4,0,0
2020-10-1514:44:01,16,0,0
2020-10-1514:44:01,15,0,0
2020-10-1514:44:01,,0,0
2020-10-1514:44:02,,0,0
2020-10-1514:44:02,13,0,0
2020-10-1514:44:02,,0,0
2020-10-1514:44:03,,0,0
2020-10-1514:44:03,,0,0
2020-10-1514:44:03,13,0,0
2020-10-1514:44:04,13,0,0
2020-10-1514:44:04,,0,0
2020-10-1514:44:04,,0,0
2020-10-1514:44:05,,0,0
2020-10-1514:44:05,15,0,0
2020-10-1514:44:05,15,0,0
2020-10-1514:44:05,16,0,0
2020-10-1514:44:06,,0,0
2020-10-1514:44:06,,0,0
2020-10-1514:44:06,,0,0
2020-10-1514:44:07,19,0,0
2020-10-1514:44:07,7,0,0
2020-10-1514:44:07,7,0,0
2020-10-1514:44:08,7,0,0
2020-10-1514:44:08,2,0,0
2020-10-1514:44:08,7,0,0
2020-10-1514:44:09,7,0,0
2020-10-1514:44:09,18,0,0
2020-10-1514:44:09,,0,0
2020-10-1514:44:10,,0,0
2020-10-1514:44:10,17,0,0
2020-10-1514:44:10,,0,0
2020-10-1514:44:11,,0,0
2020-10-1514:44:11,18,0,0
2020-10-1514:44:11,,0,0
2020-10-1514:44:12,,0,0
2020-10-1514:44:12,20,0,0
2020-10-1514:44:12,,0,0
2020-10-1514:44:12,22,0,0
2020-10-1514:44:13,7,0,0
2020-10-1514:44:13,24,0,0
2020-10-1514:44:13,24,0,0
2020-10-1514:44:14,25,0,0
2020-10-1514:44:14,25,0,0
2020-10-1514:44:14,25,0,0
2020-10-1514:44:15,25,0,0
2020-10-1514:44:15,25,0,0
2020-10-1514:44:15,25,0,0
2020-10-1514:44:16,26,0,0
2020-10-1514:44:16,26,0,0
2020-10-1514:44:16,,0,0
2020-10-1514:44:17,28,0,0
2020-10-1514:44:17,,0,0
2020-10-1514:44:17,30,0,0
2020-10-1514:44:18,30,0,0
2020-10-1514:44:18,4,0,0
2020-10-1514:44:18,4,0,0
2020-10-1514:44:19,33,0,0
2020-10-1514:44:19,,0,0
2020-10-1514:44:19,,0,0
2020-10-1514:44:20,35,0,0
2020-10-1514:44:20,36,0,0
2020-10-1514:44:20,37,0,0
2020-10-1514:44:20,37,0,0
2020-10-1514:44:21,37,0,0
2020-10-1514:44:21,37,0,0
2020-10-1514:44:21,38,0,0
2020-10-1514:44:22,38,0,0
2020-10-1514:44:22,38,0,0
2020-10-1514:44:22,,0,0
2020-10-1514:44:23,,0,0
2020-10-1514:44:23,,0,0
2020-10-1514:44:23,6,0,0
2020-10-1514:44:24,6,0,0
2020-10-1514:44:24,40,0,0
2020-10-1514:44:24,,0,0
2020-10-1514:44:25,,0,0
2020-10-1514:44:25,42,0,0
2020-10-1514:44:25,43,0,0
2020-10-1514:44:26,,0,0
2020-10-1514:44:26,,0,0
2020-10-1514:44:26,,0,0
2020-10-1514:44:27,45,0,0
2020-10-1514:44:27,45,0,0
2020-10-1514:44:27,46,0,0
2020-10-1514:44:27,46,0,0
2020-10-1514:44:28,47,0,0
2020-10-1514:44:28,47,0,0
2020-10-1514:44:28,47,0,0
2020-10-1514:44:29,47,0,0
2020-10-1514:44:29,,0,0
2020-10-1514:44:29,,0,0
2020-10-1514:44:30,,0,0
2020-10-1514:44:30,46,0,0
2020-10-1514:44:30,46,0,0
2020-10-1514:44:31,46,0,0
2020-10-1514:44:31,46,0,0
2020-10-1514:44:31,46,0,0
2020-10-1514:44:32,46,0,0
2020-10-1514:44:32,,0,0
2020-10-1514:44:32,,0,0
2020-10-1514:44:33,,0,0
2020-10-1514:44:33,,0,0
2020-10-1514:44:33,,0,0
2020-10-1514:44:34,,0,0
2020-10-1514:44:34,45,0,0
2020-10-1514:44:34,45,0,0
2020-10-1514:44:34,46,0,0
2020-10-1514:44:35,46,0,0
2020-10-1514:44:35,46,0,0
2020-10-1514:44:35,,0,0
2020-10-1514:44:36,47,0,0
2020-10-1514:44:36,46,0,0
2020-10-1514:44:36,46,0,0
2020-10-1514:44:37,46,0,0
2020-10-1514:44:37,45,0,0
2020-10-1514:44:37,44,0,0
2020-10-1514:44:38,,0,0
2020-10-1514:44:38,42,0,0
2020-10-1514:44:38,42,0,0
2020-10-1514:44:39,,0,0
2020-10-1514:44:39,40,0,0
2020-10-1514:44:39,39,0,0
2020-10-1514:44:40,38,0,0
2020-10-1514:44:40,,0,0
2020-10-1514:44:40,37,0,0
2020-10-1514:44:40,37,0,0
2020-10-1514:44:41,36,0,0
2020-10-1514:44:41,36,0,0
2020-10-1514:44:41,35,0,0
2020-10-1514:44:42,,0,0
2020-10-1514:44:42,34,0,0
2020-10-1514:44:42,,0,0
2020-10-1514:44:43,33,0,0
2020-10-1514:44:43,33,0,0
2020-10-1514:44:43,32,0,0
2020-10-1514:44:44,32,0,0
2020-10-1514:44:44,33,0,0
2020-10-1514:44:44,33,0,0
2020-10-1514:44:45,,0,0
2020-10-1514:44:45,,0,0
2020-10-1514:44:45,35,0,0
2020-10-1514:44:46,,0,0
2020-10-1514:44:46,37,0,0
2020-10-1514:44:46,39,0,0
2020-10-1514:44:47,40,0,0
2020-10-1514:44:47,,0,0
2020-10-1514:44:47,42,0,0
2020-10-1514:44:47,,0,0
2020-10-1514:44:46,45,0,0
2020-10-1514:44:46,,0,0
2020-10-1514:44:46,46,0,0
2020-10-1514:44:49,,0,0
2020-10-1514:44:49,,0,0
2020-10-1514:44:49,50,0,0
2020-10-1514:44:50,,0,0
2020-10-1514:44:50,64,0,0
2020-10-1514:44:50,93,0,0
2020-10-1514:44:51,,0,0
2020-10-1514:44:51,,0,0
2020-10-1514:44:51,95,0,0
2020-10-1514:44:52,96,0,0
2020-10-1514:44:52,96,0,0
2020-10-1514:44:52,,0,0
2020-10-1514:44:53,,0,0
2020-10-1514:44:53,,0,0
2020-10-1514:44:53,,0,0
2020-10-1514:44:54,4,0,0
2020-10-1514:44:54,60,1,0
2020-10-1514:44:54,61,1,1
2020-10-1514:44:55,61,1,1
2020-10-1514:44:55,62,1,1
2020-10-1514:44:55,63,1,1
2020-10-1514:44:55,64,1,1
2020-10-1514:44:56,65,1,1
2020-10-1514:44:56,66,1,1
2020-10-1514:44:56,,1,1
2020-10-1514:44:57,68,1,1
2020-10-1514:44:57,70,1,1
2020-10-1514:44:57,70,1,1
2020-10-1514:44:58,,1,1
2020-10-1514:44:58,4,1,1
2020-10-1514:44:58,4,1,1
2020-10-1514:44:59,4,1,1
2020-10-1514:44:59,4,1,1
2020-10-1514:44:59,,1,1
2020-10-1514:45:00,71,1,1
2020-10-1514:45:00,4,1,1
2020-10-1514:45:00,4,1,1
2020-10-1514:45:01,,1,1
2020-10-1514:45:01,,1,1
2020-10-1514:45:01,73,1,1
2020-10-1514:45:02,4,1,1
2020-10-1514:45:02,4,1,1
2020-10-1514:45:02,4,1,1
2020-10-1514:45:02,,1,1
2020-10-1514:45:03,,1,1
2020-10-1514:45:03,70,1,1
2020-10-1514:45:03,70,1,1
2020-10-1514:45:04,69,1,1
2020-10-1514:45:04,69,1,1
2020-10-1514:45:04,68,1,1
2020-10-1514:45:05,4,1,1
2020-10-1514:45:05,,1,1
2020-10-1514:45:05,66,1,1
2020-10-1514:45:06,66,1,1
2020-10-1514:45:06,66,1,1
2020-10-1514:45:06,,1,1
2020-10-1514:45:07,64,1,1
2020-10-1514:45:07,62,1,1
2020-10-1514:45:07,61,1,1
2020-10-1514:45:08,06,1,1
2020-10-1514:45:08,4,1,1
2020-10-1514:45:08,,1,1
2020-10-1514:45:08,,1,1
2020-10-1514:45:09,06,1,1
2020-10-1514:45:09,96,0,0
2020-10-1514:45:09,95,0,0
2020-10-1514:45:10,,0,0
2020-10-1514:45:10,,0,0
2020-10-1514:45:10,,0,0
2020-10-1514:45:11,,0,0
2020-10-1514:45:11,,0,0
2020-10-1514:45:11,,0,0
2020-10-1514:45:12,,0,0
2020-10-1514:45:12,,0,0
2020-10-1514:45:12,,0,0
2020-10-1514:45:13,,0,0
2020-10-1514:45:13,95,0,0
2020-10-1514:45:13,55,0,0
2020-10-1514:45:14,56,0,0
2020-10-1514:45:14,57,0,0
2020-10-1514:45:14,57,0,0
2020-10-1514:45:15,,0,0
2020-10-1514:45:15,,0,0
2020-10-1514:45:15,,0,0
2020-10-1514:45:15,57,0,0
