2020-10-1514:27:09,,0,0
2020-10-1514:27:09,,0,0
2020-10-1514:27:10,18,0,0
2020-10-1514:27:10,,0,0
2020-10-1514:27:10,,0,0
2020-10-1514:27:10,29,0,0
2020-10-1514:27:11,28,0,0
2020-10-1514:27:11,29,0,0
2020-10-1514:27:11,4,0,0
2020-10-1514:27:12,33,0,0
2020-10-1514:27:12,35,0,0
2020-10-1514:27:13,,0,0
2020-10-1514:27:13,39,0,0
2020-10-1514:27:13,41,0,0
2020-10-1514:27:13,42,0,0
2020-10-1514:27:14,,0,0
2020-10-1514:27:14,44,0,0
2020-10-1514:27:14,45,0,0
2020-10-1514:27:15,46,0,0
2020-10-1514:27:15,46,0,0
2020-10-1514:27:15,,0,0
2020-10-1514:27:16,,0,0
2020-10-1514:27:16,,0,0
2020-10-1514:27:16,46,0,0
2020-10-1514:27:17,46,0,0
2020-10-1514:27:17,46,0,0
2020-10-1514:27:17,46,0,0
2020-10-1514:27:18,46,0,0
2020-10-1514:27:18,46,0,0
2020-10-1514:27:18,45,0,0
2020-10-1514:27:19,45,0,0
2020-10-1514:27:19,45,0,0
2020-10-1514:27:19,,0,0
2020-10-1514:27:19,,0,0
2020-10-1514:27:20,42,0,0
2020-10-1514:27:20,42,0,0
2020-10-1514:27:20,,0,0
2020-10-1514:27:21,,0,0
2020-10-1514:27:21,,0,0
2020-10-1514:27:21,,0,0
2020-10-1514:27:22,,0,0
2020-10-1514:27:22,38,0,0
2020-10-1514:27:22,35,0,0
2020-10-1514:27:23,33,0,0
2020-10-1514:27:23,29,0,0
2020-10-1514:27:23,27,0,0
2020-10-1514:27:24,7,0,0
2020-10-1514:27:24,,0,0
2020-10-1514:27:24,18,0,0
2020-10-1514:27:25,15,0,0
2020-10-1514:27:25,,0,0
2020-10-1514:27:25,,0,0
2020-10-1514:27:26,,0,0
2020-10-1514:27:26,7,0,0
2020-10-1514:27:26,,0,0
2020-10-1514:27:26,0,0,0
2020-10-1514:27:27,4,0,0
2020-10-1514:27:27,,0,0
2020-10-1514:27:27,,0,0
2020-10-1514:27:28,,0,0
2020-10-1514:27:28,,0,0
2020-10-1514:27:28,8,0,0
2020-10-1514:27:29,8,0,0
2020-10-1514:27:29,8,0,0
2020-10-1514:27:29,8,0,0
2020-10-1514:27:30,8,0,0
2020-10-1514:27:30,8,0,0
2020-10-1514:27:30,8,0,0
2020-10-1514:27:31,,0,0
2020-10-1514:27:31,,0,0
2020-10-1514:27:31,,0,0
2020-10-1514:27:32,,0,0
2020-10-1514:27:32,1,0,0
2020-10-1514:27:32,16,0,0
2020-10-1514:27:32,,0,0
2020-10-1514:27:33,23,0,0
2020-10-1514:27:33,26,0,0
2020-10-1514:27:34,28,0,0
2020-10-1514:27:34,4,0,0
2020-10-1514:27:34,35,0,0
2020-10-1514:27:34,40,0,0
2020-10-1514:27:35,42,0,0
2020-10-1514:27:35,45,0,0
2020-10-1514:27:35,,0,0
2020-10-1514:27:36,,0,0
2020-10-1514:27:36,53,0,0
2020-10-1514:27:36,,0,0
2020-10-1514:27:37,,0,0
2020-10-1514:27:37,4,0,0
2020-10-1514:27:37,,0,0
2020-10-1514:27:38,61,0,0
2020-10-1514:27:38,61,0,0
2020-10-1514:27:38,61,0,0
2020-10-1514:27:39,61,0,0
2020-10-1514:27:39,60,0,0
2020-10-1514:27:39,4,0,0
2020-10-1514:27:40,,0,0
2020-10-1514:27:40,97,0,0
2020-10-1514:27:40,96,0,0
2020-10-1514:27:41,99,0,0
2020-10-1514:27:41,,0,0
2020-10-1514:27:41,,0,0
2020-10-1514:27:41,4,0,0
2020-10-1514:27:42,,0,0
2020-10-1514:27:42,10,0,0
2020-10-1514:27:42,,0,0
2020-10-1514:27:43,,0,0
2020-10-1514:27:43,,0,0
2020-10-1514:27:43,46,0,0
2020-10-1514:27:44,45,0,0
2020-10-1514:27:44,,0,0
2020-10-1514:27:44,,0,0
2020-10-1514:27:45,42,0,0
2020-10-1514:27:45,,0,0
2020-10-1514:27:45,39,0,0
2020-10-1514:27:46,,0,0
2020-10-1514:27:46,35,0,0
2020-10-1514:27:46,34,0,0
2020-10-1514:27:47,32,0,0
2020-10-1514:27:47,28,0,0
2020-10-1514:27:47,25,0,0
2020-10-1514:27:48,20,0,0
2020-10-1514:27:48,18,0,0
2020-10-1514:27:48,,0,0
2020-10-1514:27:49,6,0,0
2020-10-1514:27:49,,0,0
2020-10-1514:27:49,,0,0
2020-10-1514:27:50,4,0,0
2020-10-1514:27:50,,0,0
2020-10-1514:27:50,,0,0
2020-10-1514:27:51,,0,0
2020-10-1514:27:51,,0,0
2020-10-1514:27:51,,0,0
2020-10-1514:27:52,,0,0
2020-10-1514:27:52,,0,0
2020-10-1514:27:52,,0,0
2020-10-1514:27:52,,0,0
2020-10-1514:27:53,,0,0
2020-10-1514:27:53,,0,0
2020-10-1514:27:53,,0,0
2020-10-1514:27:54,,0,0
2020-10-1514:27:54,,0,0
2020-10-1514:27:54,,0,0
2020-10-1514:27:55,,0,0
2020-10-1514:27:55,,0,0
2020-10-1514:27:55,,0,0
2020-10-1514:27:56,0,0,0
2020-10-1514:27:56,0,0,0
2020-10-1514:27:56,0,0,0
2020-10-1514:27:57,,0,0
2020-10-1514:27:57,,0,0
2020-10-1514:27:57,,0,0
2020-10-1514:27:58,,0,0
2020-10-1514:27:58,,0,0
2020-10-1514:27:58,,0,0
2020-10-1514:27:59,,0,0
2020-10-1514:27:59,,0,0
2020-10-1514:27:59,,0,0
2020-10-1514:27:59,,0,0
2020-10-1514:28:00,,0,0
2020-10-1514:28:00,,0,0
2020-10-1514:28:00,,0,0
2020-10-1514:28:01,,0,0
2020-10-1514:28:01,,0,0
2020-10-1514:28:01,,0,0
2020-10-1514:28:02,0,0,0
2020-10-1514:28:02,0,0,0
2020-10-1514:28:02,0,0,0
2020-10-1514:28:03,,0,0
2020-10-1514:28:03,,0,0
2020-10-1514:28:03,,0,0
2020-10-1514:28:04,6,0,0
2020-10-1514:28:04,,0,0
2020-10-1514:28:04,,0,0
2020-10-1514:28:05,,0,0
2020-10-1514:28:05,,0,0
2020-10-1514:28:05,,0,0
2020-10-1514:28:06,,0,0
2020-10-1514:28:06,,0,0
2020-10-1514:28:06,,0,0
2020-10-1514:28:07,,0,0
2020-10-1514:28:07,,0,0
2020-10-1514:28:07,,0,0
2020-10-1514:28:08,,0,0
2020-10-1514:28:08,,0,0
2020-10-1514:28:08,,0,0
2020-10-1514:28:08,,0,0
2020-10-1514:28:09,,0,0
2020-10-1514:28:09,,0,0
2020-10-1514:28:09,,0,0
2020-10-1514:28:10,,0,0
2020-10-1514:28:10,,0,0
2020-10-1514:28:10,,0,0
2020-10-1514:28:11,0,0,0
2020-10-1514:28:11,0,0,0
2020-10-1514:28:11,0,0,0
2020-10-1514:28:12,0,0,0
2020-10-1514:28:12,0,0,0
2020-10-1514:28:12,0,0,0
2020-10-1514:28:13,,0,0
2020-10-1514:28:13,,0,0
2020-10-1514:28:13,,0,0
2020-10-1514:28:14,,0,0
2020-10-1514:28:14,0,0,0
2020-10-1514:28:14,0,0,0
2020-10-1514:28:14,0,0,0
2020-10-1514:28:15,0,0,0
2020-10-1514:28:15,0,0,0
2020-10-1514:28:15,0,0,0
2020-10-1514:28:16,,0,0
2020-10-1514:28:16,,0,0
2020-10-1514:28:16,,0,0
2020-10-1514:28:17,,0,0
2020-10-1514:28:17,,0,0
2020-10-1514:28:17,,0,0
2020-10-1514:28:18,0,0,0
2020-10-1514:28:18,0,0,0
2020-10-1514:28:18,0,0,0
2020-10-1514:28:19,0,0,0
2020-10-1514:28:19,0,0,0
2020-10-1514:28:19,,0,0
2020-10-1514:28:20,,0,0
2020-10-1514:28:20,,0,0
2020-10-1514:28:20,,0,0
2020-10-1514:28:21,,0,0
2020-10-1514:28:21,,0,0
2020-10-1514:28:21,,0,0
2020-10-1514:28:21,,0,0
2020-10-1514:28:22,,0,0
2020-10-1514:28:22,,0,0
2020-10-1514:28:22,4,0,0
2020-10-1514:28:23,,0,0
2020-10-1514:28:23,4,0,0
2020-10-1514:28:23,4,0,0
2020-10-1514:28:24,6,0,0
2020-10-1514:28:24,,0,0
2020-10-1514:28:24,6,0,0
2020-10-1514:28:25,,0,0
2020-10-1514:28:25,,0,0
2020-10-1514:28:25,,0,0
2020-10-1514:28:26,6,0,0
2020-10-1514:28:26,,0,0
2020-10-1514:28:26,13,0,0
2020-10-1514:28:27,,0,0
2020-10-1514:28:27,,0,0
2020-10-1514:28:27,15,0,0
2020-10-1514:28:27,16,0,0
2020-10-1514:28:28,,0,0
2020-10-1514:28:28,18,0,0
2020-10-1514:28:28,20,0,0
2020-10-1514:28:29,20,0,0
2020-10-1514:28:29,,0,0
2020-10-1514:28:29,,0,0
2020-10-1514:28:30,24,0,0
2020-10-1514:28:30,26,0,0
2020-10-1514:28:30,27,0,0
2020-10-1514:28:31,,0,0
2020-10-1514:28:31,29,0,0
2020-10-1514:28:31,,0,0
2020-10-1514:28:32,30,0,0
2020-10-1514:28:32,,0,0
2020-10-1514:28:32,,0,0
2020-10-1514:28:33,4,0,0
2020-10-1514:28:33,33,0,0
2020-10-1514:28:33,,0,0
2020-10-1514:28:34,,0,0
2020-10-1514:28:34,35,0,0
2020-10-1514:28:34,36,0,0
2020-10-1514:28:34,36,0,0
2020-10-1514:28:35,,0,0
2020-10-1514:28:35,37,0,0
2020-10-1514:28:35,37,0,0
2020-10-1514:28:36,37,0,0
2020-10-1514:28:36,38,0,0
2020-10-1514:28:36,38,0,0
2020-10-1514:28:37,38,0,0
2020-10-1514:28:37,39,0,0
2020-10-1514:28:37,40,0,0
2020-10-1514:28:38,41,0,0
2020-10-1514:28:38,41,0,0
2020-10-1514:28:38,42,0,0
2020-10-1514:28:39,43,0,0
2020-10-1514:28:39,,0,0
2020-10-1514:28:39,,0,0
2020-10-1514:28:40,,0,0
2020-10-1514:28:40,,0,0
2020-10-1514:28:40,45,0,0
2020-10-1514:28:41,45,0,0
2020-10-1514:28:41,46,0,0
2020-10-1514:28:41,46,0,0
2020-10-1514:28:41,46,0,0
2020-10-1514:28:42,46,0,0
2020-10-1514:28:42,46,0,0
2020-10-1514:28:42,45,0,0
2020-10-1514:28:43,45,0,0
2020-10-1514:28:43,45,0,0
2020-10-1514:28:43,45,0,0
2020-10-1514:28:44,45,0,0
2020-10-1514:28:44,,0,0
2020-10-1514:28:44,46,0,0
2020-10-1514:28:45,,0,0
2020-10-1514:28:45,47,0,0
2020-10-1514:28:45,,0,0
2020-10-1514:28:46,,0,0
2020-10-1514:28:46,,0,0
2020-10-1514:28:46,48,0,0
2020-10-1514:28:47,49,0,0
2020-10-1514:28:47,,0,0
2020-10-1514:28:47,4,0,0
2020-10-1514:28:48,90,0,0
2020-10-1514:28:48,90,0,0
2020-10-1514:28:48,90,0,0
2020-10-1514:28:48,20,0,0
2020-10-1514:28:49,616,0,0
2020-10-1514:28:49,20,0,0
2020-10-1514:28:49,90,0,0
2020-10-1514:28:50,90,0,0
2020-10-1514:28:50,,0,0
2020-10-1514:28:50,,0,0
2020-10-1514:28:51,2,0,0
2020-10-1514:28:51,4,0,0
2020-10-1514:28:51,4,0,0
2020-10-1514:28:52,,0,0
2020-10-1514:28:52,,0,0
2020-10-1514:28:52,,0,0
2020-10-1514:28:53,55,0,0
2020-10-1514:28:53,56,0,0
2020-10-1514:28:53,96,0,0
2020-10-1514:28:54,06,0,0
2020-10-1514:28:54,,0,0
2020-10-1514:28:54,,0,0
2020-10-1514:28:55,4,0,0
2020-10-1514:28:55,4,0,0
2020-10-1514:28:55,01,0,0
2020-10-1514:28:55,60,0,0
2020-10-1514:28:56,018,0,0
2020-10-1514:28:56,61,0,0
2020-10-1514:28:56,61,0,0
2020-10-1514:28:57,,0,0
2020-10-1514:28:57,4,0,0
2020-10-1514:28:57,62,0,0
2020-10-1514:28:58,62,0,0
2020-10-1514:28:58,62,0,0
2020-10-1514:28:58,62,0,0
2020-10-1514:28:59,62,0,0
2020-10-1514:28:59,62,0,0
2020-10-1514:28:59,62,0,0
2020-10-1514:29:00,63,0,0
2020-10-1514:29:00,63,0,0
2020-10-1514:29:00,63,0,0
2020-10-1514:29:01,64,0,0
2020-10-1514:29:01,64,0,0
2020-10-1514:29:01,64,0,0
2020-10-1514:29:02,64,0,0
2020-10-1514:29:02,,0,0
2020-10-1514:29:02,64,0,0
2020-10-1514:29:02,64,0,0
2020-10-1514:29:03,64,0,0
2020-10-1514:29:03,64,0,0
2020-10-1514:29:03,,1,1
2020-10-1514:29:04,64,1,1
2020-10-1514:29:04,63,1,1
2020-10-1514:29:04,4,1,1
2020-10-1514:29:05,60,1,1
2020-10-1514:29:05,59,1,1
2020-10-1514:29:05,56,1,1
2020-10-1514:29:06,55,0,0
2020-10-1514:29:06,04,0,0
2020-10-1514:29:06,50,0,0
2020-10-1514:29:07,,0,0
2020-10-1514:29:07,45,0,0
2020-10-1514:29:07,43,0,0
2020-10-1514:29:08,,0,0
2020-10-1514:29:08,37,0,0
2020-10-1514:29:08,35,0,0
2020-10-1514:29:09,,0,0
2020-10-1514:29:09,,0,0
2020-10-1514:29:09,,0,0
2020-10-1514:29:09,,0,0
2020-10-1514:29:10,15,0,0
2020-10-1514:29:10,4,0,0
2020-10-1514:29:10,10,0,0
2020-10-1514:29:11,,0,0
2020-10-1514:29:11,,0,0
2020-10-1514:29:11,2,0,0
2020-10-1514:29:12,6,0,0
2020-10-1514:29:12,0,0,0
2020-10-1514:29:12,0,0,0
2020-10-1514:29:13,0,0,0
2020-10-1514:29:13,0,0,0
2020-10-1514:29:13,0,0,0
2020-10-1514:29:14,0,0,0
2020-10-1514:29:14,0,0,0
2020-10-1514:29:14,0,0,0
2020-10-1514:29:15,0,0,0
2020-10-1514:29:15,0,0,0
2020-10-1514:29:15,0,0,0
2020-10-1514:29:16,0,0,0
2020-10-1514:29:16,0,0,0
2020-10-1514:29:16,0,0,0
2020-10-1514:29:16,0,0,0
2020-10-1514:29:17,0,0,0
2020-10-1514:29:17,0,0,0
2020-10-1514:29:17,0,0,0
2020-10-1514:29:18,6,0,0
2020-10-1514:29:18,6,0,0
2020-10-1514:29:18,6,0,0
2020-10-1514:29:19,0,0,0
2020-10-1514:29:19,0,0,0
2020-10-1514:29:19,0,0,0
2020-10-1514:29:20,,0,0
2020-10-1514:29:20,,0,0
2020-10-1514:29:20,,0,0
2020-10-1514:29:21,8,0,0
2020-10-1514:29:21,8,0,0
2020-10-1514:29:21,8,0,0
2020-10-1514:29:22,0,0,0
2020-10-1514:29:22,0,0,0
2020-10-1514:29:22,0,0,0
2020-10-1514:29:23,0,0,0
2020-10-1514:29:23,0,0,0
2020-10-1514:29:23,0,0,0
2020-10-1514:29:23,0,0,0
2020-10-1514:29:24,6,0,0
2020-10-1514:29:24,0,0,0
2020-10-1514:29:24,0,0,0
2020-10-1514:29:25,0,0,0
2020-10-1514:29:25,0,0,0
2020-10-1514:29:25,0,0,0
2020-10-1514:29:26,6,0,0
2020-10-1514:29:26,6,0,0
2020-10-1514:29:26,6,0,0
2020-10-1514:29:27,0,0,0
2020-10-1514:29:27,0,0,0
2020-10-1514:29:27,6,0,0
2020-10-1514:29:28,0,0,0
2020-10-1514:29:28,0,0,0
2020-10-1514:29:28,0,0,0
2020-10-1514:29:29,0,0,0
2020-10-1514:29:29,0,0,0
2020-10-1514:29:29,6,0,0
2020-10-1514:29:30,0,0,0
2020-10-1514:29:30,0,0,0
2020-10-1514:29:30,0,0,0
2020-10-1514:29:30,0,0,0
2020-10-1514:29:31,0,0,0
2020-10-1514:29:31,0,0,0
2020-10-1514:29:31,0,0,0
2020-10-1514:29:32,0,0,0
2020-10-1514:29:32,0,0,0
2020-10-1514:29:32,0,0,0
2020-10-1514:29:33,0,0,0
2020-10-1514:29:33,0,0,0
2020-10-1514:29:33,0,0,0
2020-10-1514:29:34,0,0,0
2020-10-1514:29:34,0,0,0
2020-10-1514:29:34,0,0,0
2020-10-1514:29:35,0,0,0
2020-10-1514:29:35,0,0,0
2020-10-1514:29:35,0,0,0
2020-10-1514:29:36,6,0,0
2020-10-1514:29:36,6,0,0
2020-10-1514:29:36,0,0,0
2020-10-1514:29:37,0,0,0
2020-10-1514:29:37,0,0,0
2020-10-1514:29:37,0,0,0
2020-10-1514:29:37,0,0,0
2020-10-1514:29:38,0,0,0
2020-10-1514:29:38,0,0,0
2020-10-1514:29:38,0,0,0
2020-10-1514:29:39,0,0,0
2020-10-1514:29:39,0,0,0
2020-10-1514:29:39,0,0,0
2020-10-1514:29:40,0,0,0
2020-10-1514:29:40,0,0,0
2020-10-1514:29:40,0,0,0
2020-10-1514:29:41,0,0,0
2020-10-1514:29:41,0,0,0
2020-10-1514:29:41,0,0,0
2020-10-1514:29:42,0,0,0
2020-10-1514:29:42,0,0,0
2020-10-1514:29:42,0,0,0
2020-10-1514:29:43,0,0,0
2020-10-1514:29:43,0,0,0
2020-10-1514:29:43,0,0,0
2020-10-1514:29:44,6,0,0
2020-10-1514:29:44,0,0,0
2020-10-1514:29:44,0,0,0
2020-10-1514:29:44,0,0,0
2020-10-1514:29:45,0,0,0
2020-10-1514:29:45,0,0,0
2020-10-1514:29:45,0,0,0
2020-10-1514:29:46,0,0,0
2020-10-1514:29:46,0,0,0
2020-10-1514:29:46,0,0,0
2020-10-1514:29:47,0,0,0
2020-10-1514:29:47,0,0,0
2020-10-1514:29:47,0,0,0
2020-10-1514:29:48,0,0,0
2020-10-1514:29:48,0,0,0
2020-10-1514:29:48,0,0,0
2020-10-1514:29:49,0,0,0
2020-10-1514:29:49,0,0,0
2020-10-1514:29:49,0,0,0
2020-10-1514:29:50,0,0,0
2020-10-1514:29:50,0,0,0
2020-10-1514:29:50,0,0,0
2020-10-1514:29:51,0,0,0
2020-10-1514:29:51,0,0,0
2020-10-1514:29:51,0,0,0
2020-10-1514:29:51,0,0,0
2020-10-1514:29:52,0,0,0
2020-10-1514:29:52,0,0,0
2020-10-1514:29:52,0,0,0
2020-10-1514:29:53,0,0,0
2020-10-1514:29:53,0,0,0
2020-10-1514:29:53,0,0,0
2020-10-1514:29:54,0,0,0
2020-10-1514:29:54,0,0,0
2020-10-1514:29:54,0,0,0
2020-10-1514:29:55,0,0,0
2020-10-1514:29:55,0,0,0
2020-10-1514:29:55,0,0,0
2020-10-1514:29:56,0,0,0
2020-10-1514:29:56,0,0,0
2020-10-1514:29:56,0,0,0
2020-10-1514:29:57,0,0,0
2020-10-1514:29:57,0,0,0
2020-10-1514:29:57,0,0,0
2020-10-1514:29:58,0,0,0
2020-10-1514:29:58,0,0,0
2020-10-1514:29:58,0,0,0
2020-10-1514:29:58,0,0,0
2020-10-1514:29:59,0,0,0
2020-10-1514:29:59,0,0,0
2020-10-1514:29:59,0,0,0
2020-10-1514:30:00,0,0,0
2020-10-1514:30:00,0,0,0
2020-10-1514:30:00,0,0,0
2020-10-1514:30:01,0,0,0
2020-10-1514:30:01,0,0,0
2020-10-1514:30:01,0,0,0
2020-10-1514:30:02,0,0,0
2020-10-1514:30:02,0,0,0
2020-10-1514:30:02,0,0,0
2020-10-1514:30:03,0,0,0
2020-10-1514:30:03,0,0,0
2020-10-1514:30:03,0,0,0
2020-10-1514:30:04,0,0,0
2020-10-1514:30:04,0,0,0
2020-10-1514:30:04,0,0,0
2020-10-1514:30:05,0,0,0
2020-10-1514:30:05,0,0,0
2020-10-1514:30:05,0,0,0
2020-10-1514:30:05,0,0,0
2020-10-1514:30:06,1,0,0
2020-10-1514:30:06,2,0,0
2020-10-1514:30:06,,0,0
2020-10-1514:30:07,2,0,0
2020-10-1514:30:07,2,0,0
2020-10-1514:30:07,2,0,0
2020-10-1514:30:08,4,0,0
2020-10-1514:30:08,,0,0
2020-10-1514:30:08,1,0,0
2020-10-1514:30:09,0,0,0
2020-10-1514:30:09,0,0,0
2020-10-1514:30:09,0,0,0
2020-10-1514:30:10,1,0,0
2020-10-1514:30:10,4,0,0
2020-10-1514:30:10,6,0,0
2020-10-1514:30:11,9,0,0
2020-10-1514:30:11,7,0,0
2020-10-1514:30:11,2,0,0
2020-10-1514:30:12,,0,0
2020-10-1514:30:12,16,0,0
2020-10-1514:30:12,,0,0
2020-10-1514:30:13,18,0,0
2020-10-1514:30:13,,0,0
2020-10-1514:30:13,20,0,0
2020-10-1514:30:13,,0,0
2020-10-1514:30:14,,0,0
2020-10-1514:30:14,23,0,0
2020-10-1514:30:14,,0,0
2020-10-1514:30:15,26,0,0
2020-10-1514:30:15,27,0,0
2020-10-1514:30:15,,0,0
2020-10-1514:30:16,30,0,0
2020-10-1514:30:16,4,0,0
2020-10-1514:30:16,33,0,0
2020-10-1514:30:17,,0,0
2020-10-1514:30:17,36,0,0
2020-10-1514:30:17,37,0,0
2020-10-1514:30:18,40,0,0
2020-10-1514:30:18,,0,0
2020-10-1514:30:18,43,0,0
2020-10-1514:30:19,44,0,0
2020-10-1514:30:19,45,0,0
2020-10-1514:30:19,46,0,0
2020-10-1514:30:20,,0,0
2020-10-1514:30:20,,0,0
2020-10-1514:30:20,4,0,0
2020-10-1514:30:20,50,0,0
2020-10-1514:30:21,57,0,0
2020-10-1514:30:21,4,0,0
2020-10-1514:30:21,93,0,0
2020-10-1514:30:22,,0,0
2020-10-1514:30:22,,0,0
2020-10-1514:30:22,95,0,0
2020-10-1514:30:23,95,0,0
2020-10-1514:30:23,95,0,0
2020-10-1514:30:23,95,0,0
2020-10-1514:30:24,95,0,0
2020-10-1514:30:24,95,0,0
2020-10-1514:30:24,,0,0
2020-10-1514:30:25,95,0,0
2020-10-1514:30:25,95,0,0
2020-10-1514:30:25,,0,0
2020-10-1514:30:26,,0,0
2020-10-1514:30:26,,0,0
2020-10-1514:30:26,,0,0
2020-10-1514:30:26,4,0,0
2020-10-1514:30:27,7,0,0
2020-10-1514:30:27,7,0,0
2020-10-1514:30:27,90,0,0
2020-10-1514:30:28,49,0,0
2020-10-1514:30:28,4,0,0
2020-10-1514:30:28,,0,0
2020-10-1514:30:29,46,0,0
2020-10-1514:30:29,43,0,0
2020-10-1514:30:29,,0,0
2020-10-1514:30:30,,0,0
2020-10-1514:30:30,38,0,0
2020-10-1514:30:30,37,0,0
2020-10-1514:30:31,,0,0
2020-10-1514:30:31,32,0,0
2020-10-1514:30:31,30,0,0
2020-10-1514:30:32,27,0,0
2020-10-1514:30:32,26,0,0
2020-10-1514:30:32,22,0,0
2020-10-1514:30:33,21,0,0
2020-10-1514:30:33,7,0,0
2020-10-1514:30:33,18,0,0
2020-10-1514:30:33,,0,0
2020-10-1514:30:34,,0,0
2020-10-1514:30:34,16,0,0
2020-10-1514:30:34,,0,0
2020-10-1514:30:35,,0,0
2020-10-1514:30:35,13,0,0
2020-10-1514:30:35,4,0,0
2020-10-1514:30:36,11,0,0
2020-10-1514:30:36,4,0,0
2020-10-1514:30:36,,0,0
2020-10-1514:30:37,6,0,0
2020-10-1514:30:37,,0,0
2020-10-1514:30:37,,0,0
2020-10-1514:30:38,4,0,0
2020-10-1514:30:38,3,0,0
2020-10-1514:30:38,,0,0
2020-10-1514:30:39,1,0,0
2020-10-1514:30:39,1,0,0
2020-10-1514:30:39,8,0,0
2020-10-1514:30:40,8,0,0
2020-10-1514:30:40,8,0,0
2020-10-1514:30:40,8,0,0
2020-10-1514:30:40,8,0,0
2020-10-1514:30:41,8,0,0
2020-10-1514:30:41,8,0,0
2020-10-1514:30:41,8,0,0
2020-10-1514:30:42,8,0,0
2020-10-1514:30:42,8,0,0
2020-10-1514:30:42,8,0,0
2020-10-1514:30:43,8,0,0
2020-10-1514:30:43,8,0,0
2020-10-1514:30:43,8,0,0
2020-10-1514:30:44,8,0,0
2020-10-1514:30:44,8,0,0
2020-10-1514:30:44,8,0,0
2020-10-1514:30:45,8,0,0
2020-10-1514:30:45,8,0,0
2020-10-1514:30:45,8,0,0
2020-10-1514:30:46,8,0,0
2020-10-1514:30:46,8,0,0
2020-10-1514:30:46,8,0,0
2020-10-1514:30:47,8,0,0
2020-10-1514:30:47,8,0,0
2020-10-1514:30:47,8,0,0
2020-10-1514:30:48,8,0,0
2020-10-1514:30:48,8,0,0
2020-10-1514:30:48,8,0,0
2020-10-1514:30:48,8,0,0
2020-10-1514:30:49,8,0,0
2020-10-1514:30:49,8,0,0
2020-10-1514:30:49,8,0,0
2020-10-1514:30:50,8,0,0
2020-10-1514:30:50,8,0,0
2020-10-1514:30:50,8,0,0
2020-10-1514:30:51,8,0,0
2020-10-1514:30:51,8,0,0
2020-10-1514:30:51,8,0,0
2020-10-1514:30:52,8,0,0
2020-10-1514:30:52,8,0,0
2020-10-1514:30:52,8,0,0
2020-10-1514:30:53,8,0,0
2020-10-1514:30:53,8,0,0
2020-10-1514:30:53,8,0,0
2020-10-1514:30:54,8,0,0
2020-10-1514:30:54,8,0,0
2020-10-1514:30:54,8,0,0
2020-10-1514:30:54,8,0,0
2020-10-1514:30:55,8,0,0
2020-10-1514:30:55,8,0,0
2020-10-1514:30:55,8,0,0
2020-10-1514:30:56,,0,0
2020-10-1514:30:56,,0,0
2020-10-1514:30:56,,0,0
2020-10-1514:30:57,8,0,0
2020-10-1514:30:57,8,0,0
2020-10-1514:30:57,8,0,0
2020-10-1514:30:58,8,0,0
2020-10-1514:30:58,8,0,0
2020-10-1514:30:58,8,0,0
2020-10-1514:30:59,8,0,0
2020-10-1514:30:59,8,0,0
2020-10-1514:30:59,8,0,0
2020-10-1514:31:00,8,0,0
2020-10-1514:31:00,8,0,0
2020-10-1514:31:00,8,0,0
2020-10-1514:31:01,8,0,0
2020-10-1514:31:01,8,0,0
2020-10-1514:31:01,8,0,0
2020-10-1514:31:01,8,0,0
2020-10-1514:31:02,8,0,0
2020-10-1514:31:02,,0,0
2020-10-1514:31:02,,0,0
2020-10-1514:31:03,8,0,0
2020-10-1514:31:03,8,0,0
2020-10-1514:31:03,8,0,0
2020-10-1514:31:04,8,0,0
2020-10-1514:31:04,8,0,0
2020-10-1514:31:04,8,0,0
2020-10-1514:31:05,6,0,0
2020-10-1514:31:05,6,0,0
2020-10-1514:31:05,6,0,0
2020-10-1514:31:06,8,0,0
2020-10-1514:31:06,8,0,0
2020-10-1514:31:06,8,0,0
2020-10-1514:31:07,8,0,0
2020-10-1514:31:07,8,0,0
2020-10-1514:31:07,8,0,0
2020-10-1514:31:07,8,0,0
2020-10-1514:31:08,8,0,0
2020-10-1514:31:08,8,0,0
2020-10-1514:31:09,8,0,0
2020-10-1514:31:09,6,0,0
2020-10-1514:31:09,6,0,0
2020-10-1514:31:09,6,0,0
2020-10-1514:31:10,6,0,0
2020-10-1514:31:10,6,0,0
2020-10-1514:31:10,6,0,0
2020-10-1514:31:11,8,0,0
2020-10-1514:31:11,8,0,0
2020-10-1514:31:11,8,0,0
2020-10-1514:31:12,6,0,0
2020-10-1514:31:12,6,0,0
2020-10-1514:31:12,6,0,0
2020-10-1514:31:13,6,0,0
2020-10-1514:31:13,6,0,0
2020-10-1514:31:13,6,0,0
2020-10-1514:31:14,6,0,0
2020-10-1514:31:14,6,0,0
2020-10-1514:31:14,6,0,0
2020-10-1514:31:15,8,0,0
2020-10-1514:31:15,,0,0
2020-10-1514:31:15,8,0,0
2020-10-1514:31:15,8,0,0
2020-10-1514:31:16,8,0,0
2020-10-1514:31:16,8,0,0
2020-10-1514:31:16,8,0,0
2020-10-1514:31:17,,0,0
2020-10-1514:31:17,,0,0
2020-10-1514:31:17,,0,0
2020-10-1514:31:18,6,0,0
2020-10-1514:31:18,6,0,0
2020-10-1514:31:18,6,0,0
2020-10-1514:31:19,6,0,0
2020-10-1514:31:19,6,0,0
2020-10-1514:31:19,6,0,0
2020-10-1514:31:20,6,0,0
2020-10-1514:31:20,6,0,0
2020-10-1514:31:20,6,0,0
2020-10-1514:31:21,6,0,0
2020-10-1514:31:21,6,0,0
2020-10-1514:31:21,6,0,0
2020-10-1514:31:22,6,0,0
2020-10-1514:31:22,6,0,0
2020-10-1514:31:22,6,0,0
2020-10-1514:31:22,6,0,0
2020-10-1514:31:23,,0,0
2020-10-1514:31:23,,0,0
2020-10-1514:31:23,,0,0
2020-10-1514:31:24,6,0,0
2020-10-1514:31:24,6,0,0
2020-10-1514:31:24,6,0,0
2020-10-1514:31:25,6,0,0
2020-10-1514:31:25,1,0,0
2020-10-1514:31:25,2,0,0
2020-10-1514:31:26,4,0,0
2020-10-1514:31:26,,0,0
2020-10-1514:31:26,9,0,0
2020-10-1514:31:27,,0,0
2020-10-1514:31:27,15,0,0
2020-10-1514:31:27,,0,0
2020-10-1514:31:28,20,0,0
2020-10-1514:31:28,21,0,0
2020-10-1514:31:28,,0,0
2020-10-1514:31:29,25,0,0
2020-10-1514:31:29,26,0,0
2020-10-1514:31:29,27,0,0
2020-10-1514:31:29,28,0,0
2020-10-1514:31:30,30,0,0
2020-10-1514:31:30,31,0,0
2020-10-1514:31:30,4,0,0
2020-10-1514:31:31,33,0,0
2020-10-1514:31:31,34,0,0
2020-10-1514:31:31,35,0,0
2020-10-1514:31:32,36,0,0
2020-10-1514:31:32,37,0,0
2020-10-1514:31:32,,0,0
2020-10-1514:31:33,39,0,0
2020-10-1514:31:33,40,0,0
2020-10-1514:31:33,,0,0
2020-10-1514:31:34,42,0,0
2020-10-1514:31:34,,0,0
2020-10-1514:31:34,0,0,0
2020-10-1514:31:35,45,0,0
2020-10-1514:31:35,46,0,0
2020-10-1514:31:35,48,0,0
2020-10-1514:31:36,,0,0
2020-10-1514:31:36,018,0,0
2020-10-1514:31:36,,0,0
2020-10-1514:31:37,64,0,0
2020-10-1514:31:37,,0,0
2020-10-1514:31:37,,0,0
2020-10-1514:31:38,,0,0
2020-10-1514:31:38,34,0,0
2020-10-1514:31:38,34,0,0
2020-10-1514:31:38,4,0,0
2020-10-1514:31:39,,0,0
2020-10-1514:31:39,,0,0
2020-10-1514:31:39,,0,0
2020-10-1514:31:40,51,0,0
2020-10-1514:31:40,51,0,0
2020-10-1514:31:40,,0,0
2020-10-1514:31:41,51,0,0
2020-10-1514:31:41,,0,0
2020-10-1514:31:41,,0,0
2020-10-1514:31:42,,0,0
2020-10-1514:31:42,90,0,0
2020-10-1514:31:42,90,0,0
2020-10-1514:31:43,90,0,0
2020-10-1514:31:43,90,0,0
2020-10-1514:31:43,90,0,0
2020-10-1514:31:44,,0,0
2020-10-1514:31:44,,0,0
2020-10-1514:31:44,,0,0
2020-10-1514:31:44,4,0,0
2020-10-1514:31:45,52,0,0
2020-10-1514:31:45,,0,0
2020-10-1514:31:45,,0,0
2020-10-1514:31:46,54,0,0
2020-10-1514:31:46,54,0,0
2020-10-1514:31:46,,0,0
2020-10-1514:31:47,95,0,0
2020-10-1514:31:47,55,0,0
2020-10-1514:31:47,55,0,0
2020-10-1514:31:48,,0,0
2020-10-1514:31:48,,0,0
2020-10-1514:31:48,54,0,0
2020-10-1514:31:49,53,0,0
2020-10-1514:31:49,52,0,0
2020-10-1514:31:49,50,0,0
2020-10-1514:31:50,48,0,0
2020-10-1514:31:50,45,0,0
2020-10-1514:31:50,,0,0
2020-10-1514:31:51,6,0,0
2020-10-1514:31:51,,0,0
2020-10-1514:31:51,37,0,0
2020-10-1514:31:51,,0,0
2020-10-1514:31:52,32,0,0
2020-10-1514:31:52,,0,0
2020-10-1514:31:52,27,0,0
2020-10-1514:31:53,7,0,0
2020-10-1514:31:53,21,0,0
2020-10-1514:31:53,7,0,0
2020-10-1514:31:54,1,0,0
2020-10-1514:31:54,4,0,0
2020-10-1514:31:54,,0,0
2020-10-1514:31:55,6,0,0
2020-10-1514:31:55,4,0,0
2020-10-1514:31:55,,0,0
2020-10-1514:31:56,8,0,0
2020-10-1514:31:56,8,0,0
2020-10-1514:31:56,6,0,0
2020-10-1514:31:57,8,0,0
2020-10-1514:31:57,8,0,0
2020-10-1514:31:57,8,0,0
2020-10-1514:31:57,8,0,0
2020-10-1514:31:58,6,0,0
2020-10-1514:31:58,6,0,0
2020-10-1514:31:58,6,0,0
2020-10-1514:31:59,8,0,0
2020-10-1514:31:59,8,0,0
2020-10-1514:31:59,8,0,0
2020-10-1514:32:00,6,0,0
2020-10-1514:32:00,6,0,0
2020-10-1514:32:00,6,0,0
2020-10-1514:32:01,6,0,0
2020-10-1514:32:01,6,0,0
2020-10-1514:32:01,6,0,0
2020-10-1514:32:02,8,0,0
2020-10-1514:32:02,8,0,0
2020-10-1514:32:02,8,0,0
2020-10-1514:32:03,6,0,0
2020-10-1514:32:03,,0,0
2020-10-1514:32:03,,0,0
2020-10-1514:32:04,6,0,0
2020-10-1514:32:04,6,0,0
2020-10-1514:32:04,6,0,0
2020-10-1514:32:04,6,0,0
2020-10-1514:32:05,6,0,0
2020-10-1514:32:05,6,0,0
2020-10-1514:32:05,6,0,0
2020-10-1514:32:06,,0,0
2020-10-1514:32:06,,0,0
2020-10-1514:32:06,,0,0
2020-10-1514:32:07,6,0,0
2020-10-1514:32:07,6,0,0
2020-10-1514:32:07,6,0,0
2020-10-1514:32:08,8,0,0
2020-10-1514:32:08,6,0,0
2020-10-1514:32:08,8,0,0
2020-10-1514:32:09,8,0,0
2020-10-1514:32:09,8,0,0
2020-10-1514:32:09,8,0,0
2020-10-1514:32:10,8,0,0
2020-10-1514:32:10,8,0,0
2020-10-1514:32:10,8,0,0
2020-10-1514:32:11,8,0,0
2020-10-1514:32:11,8,0,0
2020-10-1514:32:11,8,0,0
2020-10-1514:32:11,8,0,0
2020-10-1514:32:12,8,0,0
2020-10-1514:32:12,8,0,0
2020-10-1514:32:12,8,0,0
2020-10-1514:32:13,8,0,0
2020-10-1514:32:13,8,0,0
2020-10-1514:32:13,8,0,0
2020-10-1514:32:14,6,0,0
2020-10-1514:32:14,6,0,0
2020-10-1514:32:14,6,0,0
2020-10-1514:32:15,8,0,0
2020-10-1514:32:15,8,0,0
2020-10-1514:32:15,8,0,0
2020-10-1514:32:16,8,0,0
2020-10-1514:32:16,8,0,0
2020-10-1514:32:16,8,0,0
2020-10-1514:32:17,8,0,0
2020-10-1514:32:17,8,0,0
2020-10-1514:32:17,8,0,0
2020-10-1514:32:18,,0,0
2020-10-1514:32:18,,0,0
2020-10-1514:32:18,6,0,0
2020-10-1514:32:19,8,0,0
2020-10-1514:32:19,8,0,0
2020-10-1514:32:19,8,0,0
2020-10-1514:32:19,8,0,0
2020-10-1514:32:20,8,0,0
2020-10-1514:32:20,8,0,0
2020-10-1514:32:20,8,0,0
2020-10-1514:32:21,8,0,0
2020-10-1514:32:21,8,0,0
2020-10-1514:32:21,8,0,0
2020-10-1514:32:22,8,0,0
2020-10-1514:32:22,8,0,0
2020-10-1514:32:22,8,0,0
2020-10-1514:32:23,8,0,0
2020-10-1514:32:23,8,0,0
2020-10-1514:32:23,8,0,0
2020-10-1514:32:24,8,0,0
2020-10-1514:32:24,8,0,0
2020-10-1514:32:24,8,0,0
2020-10-1514:32:25,,0,0
2020-10-1514:32:25,,0,0
2020-10-1514:32:25,,0,0
2020-10-1514:32:26,,0,0
2020-10-1514:32:26,8,0,0
2020-10-1514:32:26,8,0,0
2020-10-1514:32:26,8,0,0
2020-10-1514:32:27,6,0,0
2020-10-1514:32:27,6,0,0
2020-10-1514:32:27,6,0,0
2020-10-1514:32:28,,0,0
2020-10-1514:32:28,,0,0
2020-10-1514:32:28,,0,0
2020-10-1514:32:29,6,0,0
2020-10-1514:32:29,6,0,0
2020-10-1514:32:29,6,0,0
2020-10-1514:32:30,6,0,0
2020-10-1514:32:30,6,0,0
2020-10-1514:32:30,6,0,0
2020-10-1514:32:31,8,0,0
2020-10-1514:32:31,8,0,0
2020-10-1514:32:31,8,0,0
2020-10-1514:32:32,6,0,0
2020-10-1514:32:32,6,0,0
2020-10-1514:32:32,6,0,0
2020-10-1514:32:32,6,0,0
2020-10-1514:32:33,6,0,0
2020-10-1514:32:33,6,0,0
2020-10-1514:32:33,6,0,0
2020-10-1514:32:34,8,0,0
2020-10-1514:32:34,8,0,0
2020-10-1514:32:34,8,0,0
2020-10-1514:32:35,,0,0
2020-10-1514:32:35,,0,0
2020-10-1514:32:35,,0,0
2020-10-1514:32:36,8,0,0
2020-10-1514:32:36,8,0,0
2020-10-1514:32:36,8,0,0
2020-10-1514:32:37,8,0,0
2020-10-1514:32:37,8,0,0
2020-10-1514:32:37,8,0,0
2020-10-1514:32:38,,0,0
2020-10-1514:32:38,,0,0
2020-10-1514:32:38,,0,0
2020-10-1514:32:39,8,0,0
2020-10-1514:32:39,8,0,0
2020-10-1514:32:39,8,0,0
2020-10-1514:32:40,8,0,0
2020-10-1514:32:40,8,0,0
2020-10-1514:32:40,8,0,0
2020-10-1514:32:41,8,0,0
2020-10-1514:32:41,6,0,0
2020-10-1514:32:41,6,0,0
2020-10-1514:32:41,6,0,0
2020-10-1514:32:42,6,0,0
2020-10-1514:32:42,6,0,0
2020-10-1514:32:42,6,0,0
2020-10-1514:32:43,8,0,0
2020-10-1514:32:43,8,0,0
2020-10-1514:32:43,8,0,0
2020-10-1514:32:44,6,0,0
2020-10-1514:32:44,6,0,0
2020-10-1514:32:44,6,0,0
2020-10-1514:32:45,8,0,0
2020-10-1514:32:45,8,0,0
2020-10-1514:32:45,8,0,0
2020-10-1514:32:46,6,0,0
2020-10-1514:32:46,6,0,0
2020-10-1514:32:46,6,0,0
2020-10-1514:32:47,6,0,0
2020-10-1514:32:47,6,0,0
2020-10-1514:32:47,6,0,0
2020-10-1514:32:47,6,0,0
2020-10-1514:32:48,6,0,0
2020-10-1514:32:48,6,0,0
2020-10-1514:32:48,6,0,0
2020-10-1514:32:49,6,0,0
2020-10-1514:32:49,6,0,0
2020-10-1514:32:49,6,0,0
2020-10-1514:32:50,6,0,0
2020-10-1514:32:50,6,0,0
2020-10-1514:32:50,6,0,0
2020-10-1514:32:50,6,0,0
2020-10-1514:32:50,6,0,0
2020-10-1514:32:51,6,0,0
2020-10-1514:32:51,6,0,0
2020-10-1514:32:51,6,0,0
2020-10-1514:32:52,8,0,0
2020-10-1514:32:52,6,0,0
2020-10-1514:32:52,6,0,0
2020-10-1514:32:53,6,0,0
2020-10-1514:32:53,6,0,0
2020-10-1514:32:53,6,0,0
2020-10-1514:32:54,6,0,0
2020-10-1514:32:54,6,0,0
2020-10-1514:32:54,6,0,0
2020-10-1514:32:55,6,0,0
2020-10-1514:32:55,6,0,0
2020-10-1514:32:55,6,0,0
2020-10-1514:32:56,6,0,0
2020-10-1514:32:56,8,0,0
2020-10-1514:32:56,6,0,0
2020-10-1514:32:57,6,0,0
2020-10-1514:32:57,6,0,0
2020-10-1514:32:57,6,0,0
2020-10-1514:32:58,6,0,0
2020-10-1514:32:58,6,0,0
2020-10-1514:32:58,6,0,0
2020-10-1514:32:58,6,0,0
2020-10-1514:32:59,6,0,0
2020-10-1514:32:59,6,0,0
2020-10-1514:32:59,6,0,0
2020-10-1514:33:00,6,0,0
2020-10-1514:33:00,6,0,0
2020-10-1514:33:00,6,0,0
2020-10-1514:33:01,6,0,0
2020-10-1514:33:01,6,0,0
2020-10-1514:33:01,6,0,0
2020-10-1514:33:02,6,0,0
2020-10-1514:33:02,6,0,0
2020-10-1514:33:02,,0,0
2020-10-1514:33:03,,0,0
2020-10-1514:33:03,,0,0
2020-10-1514:33:03,6,0,0
2020-10-1514:33:04,6,0,0
2020-10-1514:33:04,6,0,0
2020-10-1514:33:04,6,0,0
2020-10-1514:33:04,6,0,0
2020-10-1514:33:05,6,0,0
2020-10-1514:33:05,,0,0
2020-10-1514:33:05,,0,0
2020-10-1514:33:06,,0,0
2020-10-1514:33:06,6,0,0
2020-10-1514:33:06,6,0,0
2020-10-1514:33:07,6,0,0
2020-10-1514:33:07,6,0,0
2020-10-1514:33:07,6,0,0
2020-10-1514:33:08,6,0,0
2020-10-1514:33:08,6,0,0
2020-10-1514:33:08,6,0,0
2020-10-1514:33:09,6,0,0
2020-10-1514:33:09,6,0,0
2020-10-1514:33:09,6,0,0
2020-10-1514:33:10,6,0,0
2020-10-1514:33:10,6,0,0
2020-10-1514:33:10,6,0,0
2020-10-1514:33:11,6,0,0
2020-10-1514:33:11,6,0,0
2020-10-1514:33:11,6,0,0
2020-10-1514:33:12,6,0,0
2020-10-1514:33:12,6,0,0
2020-10-1514:33:12,6,0,0
2020-10-1514:33:12,6,0,0
2020-10-1514:33:13,6,0,0
2020-10-1514:33:13,6,0,0
2020-10-1514:33:13,6,0,0
2020-10-1514:33:14,6,0,0
2020-10-1514:33:14,6,0,0
2020-10-1514:33:14,8,0,0
2020-10-1514:33:15,8,0,0
2020-10-1514:33:15,8,0,0
2020-10-1514:33:15,6,0,0
2020-10-1514:33:16,6,0,0
2020-10-1514:33:16,6,0,0
2020-10-1514:33:16,6,0,0
2020-10-1514:33:17,6,0,0
2020-10-1514:33:17,6,0,0
2020-10-1514:33:17,6,0,0
2020-10-1514:33:18,6,0,0
2020-10-1514:33:18,6,0,0
2020-10-1514:33:18,6,0,0
2020-10-1514:33:19,6,0,0
2020-10-1514:33:19,6,0,0
2020-10-1514:33:19,6,0,0
2020-10-1514:33:19,6,0,0
2020-10-1514:33:20,6,0,0
2020-10-1514:33:20,6,0,0
2020-10-1514:33:20,6,0,0
2020-10-1514:33:21,6,0,0
2020-10-1514:33:21,6,0,0
2020-10-1514:33:21,6,0,0
2020-10-1514:33:22,6,0,0
2020-10-1514:33:22,6,0,0
2020-10-1514:33:22,6,0,0
2020-10-1514:33:23,6,0,0
2020-10-1514:33:23,6,0,0
2020-10-1514:33:23,6,0,0
2020-10-1514:33:24,6,0,0
2020-10-1514:33:24,6,0,0
2020-10-1514:33:24,8,0,0
2020-10-1514:33:25,8,0,0
2020-10-1514:33:25,8,0,0
2020-10-1514:33:25,6,0,0
2020-10-1514:33:26,6,0,0
2020-10-1514:33:26,6,0,0
2020-10-1514:33:26,6,0,0
2020-10-1514:33:26,6,0,0
2020-10-1514:33:27,6,0,0
2020-10-1514:33:27,6,0,0
2020-10-1514:33:27,6,0,0
2020-10-1514:33:28,6,0,0
2020-10-1514:33:28,6,0,0
2020-10-1514:33:28,6,0,0
2020-10-1514:33:29,6,0,0
2020-10-1514:33:29,6,0,0
2020-10-1514:33:29,6,0,0
2020-10-1514:33:30,6,0,0
2020-10-1514:33:30,6,0,0
2020-10-1514:33:30,6,0,0
2020-10-1514:33:31,6,0,0
2020-10-1514:33:31,6,0,0
2020-10-1514:33:31,6,0,0
2020-10-1514:33:32,6,0,0
2020-10-1514:33:32,6,0,0
2020-10-1514:33:32,6,0,0
2020-10-1514:33:33,6,0,0
2020-10-1514:33:33,6,0,0
2020-10-1514:33:33,6,0,0
2020-10-1514:33:33,6,0,0
2020-10-1514:33:34,6,0,0
2020-10-1514:33:34,6,0,0
2020-10-1514:33:34,6,0,0
2020-10-1514:33:35,6,0,0
2020-10-1514:33:35,6,0,0
2020-10-1514:33:35,6,0,0
2020-10-1514:33:36,6,0,0
2020-10-1514:33:36,6,0,0
2020-10-1514:33:36,6,0,0
2020-10-1514:33:37,6,0,0
2020-10-1514:33:37,6,0,0
2020-10-1514:33:37,6,0,0
2020-10-1514:33:38,6,0,0
2020-10-1514:33:38,6,0,0
2020-10-1514:33:38,6,0,0
2020-10-1514:33:39,6,0,0
2020-10-1514:33:39,6,0,0
2020-10-1514:33:39,6,0,0
2020-10-1514:33:40,6,0,0
2020-10-1514:33:40,6,0,0
2020-10-1514:33:40,6,0,0
2020-10-1514:33:40,6,0,0
2020-10-1514:33:41,6,0,0
2020-10-1514:33:41,6,0,0
2020-10-1514:33:41,6,0,0
2020-10-1514:33:42,6,0,0
2020-10-1514:33:42,6,0,0
2020-10-1514:33:42,6,0,0
2020-10-1514:33:43,6,0,0
2020-10-1514:33:43,6,0,0
2020-10-1514:33:43,6,0,0
2020-10-1514:33:44,6,0,0
2020-10-1514:33:44,6,0,0
2020-10-1514:33:44,6,0,0
2020-10-1514:33:45,6,0,0
2020-10-1514:33:45,6,0,0
2020-10-1514:33:45,6,0,0
2020-10-1514:33:46,6,0,0
2020-10-1514:33:46,6,0,0
2020-10-1514:33:46,6,0,0
2020-10-1514:33:46,1,0,0
2020-10-1514:33:47,2,0,0
2020-10-1514:33:47,5,0,0
2020-10-1514:33:47,6,0,0
2020-10-1514:33:48,4,0,0
2020-10-1514:33:48,6,0,0
2020-10-1514:33:48,,0,0
2020-10-1514:33:49,,0,0
2020-10-1514:33:49,15,0,0
2020-10-1514:33:49,,0,0
2020-10-1514:33:50,,0,0
2020-10-1514:33:50,20,0,0
2020-10-1514:33:50,21,0,0
2020-10-1514:33:51,,0,0
2020-10-1514:33:51,24,0,0
2020-10-1514:33:51,40,0,0
2020-10-1514:33:52,26,0,0
2020-10-1514:33:52,27,0,0
2020-10-1514:33:52,,0,0
2020-10-1514:33:53,30,0,0
2020-10-1514:33:53,,0,0
2020-10-1514:33:53,32,0,0
2020-10-1514:33:53,32,0,0
2020-10-1514:33:54,,0,0
2020-10-1514:33:54,,0,0
2020-10-1514:33:54,35,0,0
2020-10-1514:33:55,36,0,0
2020-10-1514:33:55,37,0,0
2020-10-1514:33:55,38,0,0
2020-10-1514:33:56,39,0,0
2020-10-1514:33:56,40,0,0
2020-10-1514:33:56,41,0,0
2020-10-1514:33:57,4,0,0
2020-10-1514:33:57,,0,0
2020-10-1514:33:57,,0,0
2020-10-1514:33:58,45,0,0
2020-10-1514:33:58,45,0,0
2020-10-1514:33:58,46,0,0
2020-10-1514:33:59,47,0,0
2020-10-1514:33:59,,0,0
2020-10-1514:33:59,,0,0
2020-10-1514:33:59,49,0,0
2020-10-1514:34:00,90,0,0
2020-10-1514:34:00,018,0,0
2020-10-1514:34:00,90,0,0
2020-10-1514:34:01,51,0,0
2020-10-1514:34:01,51,0,0
2020-10-1514:34:01,4,0,0
2020-10-1514:34:02,4,0,0
2020-10-1514:34:02,,0,0
2020-10-1514:34:02,,0,0
2020-10-1514:34:03,,0,0
2020-10-1514:34:03,,0,0
2020-10-1514:34:03,96,0,0
2020-10-1514:34:04,1,0,0
2020-10-1514:34:04,0,0,0
2020-10-1514:34:04,,0,0
2020-10-1514:34:05,4,0,0
2020-10-1514:34:05,7,0,0
2020-10-1514:34:05,8,0,0
2020-10-1514:34:06,60,0,0
2020-10-1514:34:06,18,0,0
2020-10-1514:34:06,016,0,0
2020-10-1514:34:06,60,1,1
2020-10-1514:34:07,60,1,1
2020-10-1514:34:07,60,1,1
2020-10-1514:34:07,60,1,1
2020-10-1514:34:08,8,1,1
2020-10-1514:34:08,60,1,1
2020-10-1514:34:08,4,1,1
2020-10-1514:34:09,4,1,1
2020-10-1514:34:09,4,1,1
2020-10-1514:34:09,58,1,1
2020-10-1514:34:10,58,1,1
2020-10-1514:34:10,4,1,1
2020-10-1514:34:10,4,1,1
2020-10-1514:34:11,56,1,1
2020-10-1514:34:11,55,1,0
2020-10-1514:34:11,,0,0
2020-10-1514:34:12,4,0,0
2020-10-1514:34:12,,0,0
2020-10-1514:34:12,50,0,0
2020-10-1514:34:13,4,0,0
2020-10-1514:34:13,,0,0
2020-10-1514:34:13,,0,0
2020-10-1514:34:14,46,0,0
2020-10-1514:34:14,45,0,0
2020-10-1514:34:14,44,0,0
2020-10-1514:34:15,,0,0
2020-10-1514:34:15,42,0,0
2020-10-1514:34:15,,0,0
2020-10-1514:34:15,39,0,0
2020-10-1514:34:16,39,0,0
2020-10-1514:34:16,4,0,0
2020-10-1514:34:16,36,0,0
2020-10-1514:34:17,,0,0
2020-10-1514:34:17,32,0,0
2020-10-1514:34:17,,0,0
2020-10-1514:34:18,28,0,0
2020-10-1514:34:18,27,0,0
2020-10-1514:34:18,26,0,0
2020-10-1514:34:19,23,0,0
2020-10-1514:34:19,,0,0
2020-10-1514:34:19,,0,0
2020-10-1514:34:20,16,0,0
2020-10-1514:34:20,1,0,0
2020-10-1514:34:20,,0,0
2020-10-1514:34:21,,0,0
2020-10-1514:34:21,,0,0
2020-10-1514:34:21,6,0,0
2020-10-1514:34:22,4,0,0
2020-10-1514:34:22,4,0,0
2020-10-1514:34:22,3,0,0
2020-10-1514:34:22,4,0,0
2020-10-1514:34:23,4,0,0
2020-10-1514:34:23,1,0,0
2020-10-1514:34:23,,0,0
2020-10-1514:34:24,,0,0
2020-10-1514:34:24,,0,0
2020-10-1514:34:24,8,0,0
2020-10-1514:34:25,8,0,0
2020-10-1514:34:25,8,0,0
2020-10-1514:34:25,8,0,0
2020-10-1514:34:26,8,0,0
2020-10-1514:34:26,8,0,0
2020-10-1514:34:26,8,0,0
2020-10-1514:34:27,8,0,0
2020-10-1514:34:27,8,0,0
2020-10-1514:34:27,8,0,0
2020-10-1514:34:28,8,0,0
2020-10-1514:34:28,8,0,0
2020-10-1514:34:28,8,0,0
2020-10-1514:34:28,8,0,0
2020-10-1514:34:29,8,0,0
2020-10-1514:34:29,8,0,0
2020-10-1514:34:29,8,0,0
2020-10-1514:34:30,8,0,0
2020-10-1514:34:30,8,0,0
2020-10-1514:34:30,8,0,0
2020-10-1514:34:31,8,0,0
2020-10-1514:34:31,8,0,0
2020-10-1514:34:31,8,0,0
2020-10-1514:34:32,8,0,0
2020-10-1514:34:32,8,0,0
2020-10-1514:34:32,8,0,0
2020-10-1514:34:33,8,0,0
2020-10-1514:34:33,8,0,0
2020-10-1514:34:33,8,0,0
2020-10-1514:34:34,8,0,0
2020-10-1514:34:34,8,0,0
2020-10-1514:34:34,8,0,0
2020-10-1514:34:34,8,0,0
2020-10-1514:34:35,8,0,0
2020-10-1514:34:35,8,0,0
2020-10-1514:34:35,8,0,0
2020-10-1514:34:36,8,0,0
2020-10-1514:34:36,8,0,0
2020-10-1514:34:36,8,0,0
2020-10-1514:34:37,8,0,0
2020-10-1514:34:37,8,0,0
2020-10-1514:34:37,8,0,0
2020-10-1514:34:38,8,0,0
2020-10-1514:34:38,8,0,0
2020-10-1514:34:38,8,0,0
2020-10-1514:34:39,8,0,0
2020-10-1514:34:39,8,0,0
2020-10-1514:34:39,8,0,0
2020-10-1514:34:40,8,0,0
2020-10-1514:34:40,8,0,0
2020-10-1514:34:40,8,0,0
2020-10-1514:34:41,8,0,0
2020-10-1514:34:41,8,0,0
2020-10-1514:34:41,8,0,0
2020-10-1514:34:42,8,0,0
2020-10-1514:34:42,8,0,0
2020-10-1514:34:42,8,0,0
2020-10-1514:34:43,2,0,0
2020-10-1514:34:43,4,0,0
2020-10-1514:34:43,,0,0
2020-10-1514:34:43,8,0,0
2020-10-1514:34:44,,0,0
2020-10-1514:34:44,16,0,0
2020-10-1514:34:44,4,0,0
2020-10-1514:34:45,,0,0
2020-10-1514:34:45,22,0,0
2020-10-1514:34:45,25,0,0
2020-10-1514:34:46,26,0,0
2020-10-1514:34:46,,0,0
2020-10-1514:34:46,18,0,0
2020-10-1514:34:47,,0,0
2020-10-1514:34:47,33,0,0
2020-10-1514:34:47,,0,0
2020-10-1514:34:48,,0,0
2020-10-1514:34:48,34,0,0
2020-10-1514:34:48,,0,0
2020-10-1514:34:49,,0,0
2020-10-1514:34:49,,0,0
2020-10-1514:34:49,34,0,0
2020-10-1514:34:49,34,0,0
2020-10-1514:34:50,34,0,0
2020-10-1514:34:50,35,0,0
2020-10-1514:34:50,35,0,0
2020-10-1514:34:51,35,0,0
2020-10-1514:34:51,,0,0
2020-10-1514:34:51,,0,0
2020-10-1514:34:52,,0,0
2020-10-1514:34:52,,0,0
2020-10-1514:34:52,,0,0
2020-10-1514:34:53,,0,0
2020-10-1514:34:53,,0,0
2020-10-1514:34:53,,0,0
2020-10-1514:34:54,,0,0
2020-10-1514:34:54,34,0,0
2020-10-1514:34:54,35,0,0
2020-10-1514:34:55,35,0,0
2020-10-1514:34:55,,0,0
2020-10-1514:34:55,,0,0
2020-10-1514:34:56,,0,0
2020-10-1514:34:56,,0,0
2020-10-1514:34:56,,0,0
2020-10-1514:34:56,38,0,0
2020-10-1514:34:57,,0,0
2020-10-1514:34:57,,0,0
2020-10-1514:34:57,,0,0
2020-10-1514:34:58,,0,0
2020-10-1514:34:58,,0,0
2020-10-1514:34:58,36,0,0
2020-10-1514:34:59,36,0,0
2020-10-1514:34:59,36,0,0
2020-10-1514:34:59,36,0,0
2020-10-1514:35:00,36,0,0
2020-10-1514:35:00,36,0,0
2020-10-1514:35:00,36,0,0
2020-10-1514:35:01,,0,0
2020-10-1514:35:01,,0,0
2020-10-1514:35:01,,0,0
2020-10-1514:35:02,,0,0
2020-10-1514:35:02,39,0,0
2020-10-1514:35:02,39,0,0
2020-10-1514:35:03,39,0,0
2020-10-1514:35:03,,0,0
2020-10-1514:35:03,,0,0
2020-10-1514:35:03,42,0,0
2020-10-1514:35:04,,0,0
2020-10-1514:35:04,,0,0
2020-10-1514:35:04,,0,0
2020-10-1514:35:05,46,0,0
2020-10-1514:35:05,,0,0
2020-10-1514:35:05,48,0,0
2020-10-1514:35:06,4,0,0
2020-10-1514:35:06,50,0,0
2020-10-1514:35:06,51,0,0
2020-10-1514:35:07,,0,0
2020-10-1514:35:07,,0,0
2020-10-1514:35:07,53,0,0
2020-10-1514:35:08,,0,0
2020-10-1514:35:08,,0,0
2020-10-1514:35:08,56,0,0
2020-10-1514:35:09,56,0,0
2020-10-1514:35:09,57,0,0
2020-10-1514:35:09,58,0,0
2020-10-1514:35:09,58,0,0
2020-10-1514:35:10,58,0,0
2020-10-1514:35:10,57,0,0
2020-10-1514:35:10,55,0,0
2020-10-1514:35:11,,0,0
2020-10-1514:35:11,,0,0
2020-10-1514:35:11,50,0,0
2020-10-1514:35:12,49,0,0
2020-10-1514:35:12,,0,0
2020-10-1514:35:12,,0,0
2020-10-1514:35:13,,0,0
2020-10-1514:35:13,45,0,0
2020-10-1514:35:13,,0,0
2020-10-1514:35:14,44,0,0
2020-10-1514:35:14,44,0,0
2020-10-1514:35:14,7,0,0
2020-10-1514:35:15,,0,0
2020-10-1514:35:15,,0,0
2020-10-1514:35:15,,0,0
2020-10-1514:35:16,4,0,0
2020-10-1514:35:16,,0,0
2020-10-1514:35:16,50,0,0
2020-10-1514:35:17,50,0,0
2020-10-1514:35:17,50,0,0
2020-10-1514:35:17,,0,0
2020-10-1514:35:18,,0,0
2020-10-1514:35:18,52,0,0
2020-10-1514:35:18,52,0,0
2020-10-1514:35:18,,0,0
2020-10-1514:35:19,,0,0
2020-10-1514:35:19,53,0,0
2020-10-1514:35:19,53,0,0
2020-10-1514:35:20,53,0,0
2020-10-1514:35:20,,0,0
2020-10-1514:35:20,52,0,0
2020-10-1514:35:21,,0,0
2020-10-1514:35:21,,0,0
2020-10-1514:35:21,,0,0
2020-10-1514:35:22,,0,0
2020-10-1514:35:22,4,0,0
2020-10-1514:35:22,,0,0
2020-10-1514:35:23,,0,0
2020-10-1514:35:23,,0,0
2020-10-1514:35:23,,0,0
2020-10-1514:35:24,,0,0
2020-10-1514:35:24,,0,0
2020-10-1514:35:24,,0,0
2020-10-1514:35:25,,0,0
2020-10-1514:35:25,,0,0
2020-10-1514:35:25,,0,0
2020-10-1514:35:25,,0,0
2020-10-1514:35:26,,0,0
2020-10-1514:35:26,,0,0
2020-10-1514:35:26,,0,0
2020-10-1514:35:27,,0,0
2020-10-1514:35:27,,0,0
2020-10-1514:35:27,,0,0
2020-10-1514:35:28,,0,0
2020-10-1514:35:28,,0,0
2020-10-1514:35:28,,0,0
2020-10-1514:35:29,,0,0
2020-10-1514:35:29,,0,0
2020-10-1514:35:29,,0,0
2020-10-1514:35:30,,0,0
2020-10-1514:35:30,,0,0
2020-10-1514:35:30,,0,0
2020-10-1514:35:31,,0,0
2020-10-1514:35:31,,0,0
2020-10-1514:35:31,,0,0
2020-10-1514:35:31,,0,0
2020-10-1514:35:32,,0,0
2020-10-1514:35:32,,0,0
2020-10-1514:35:32,,0,0
2020-10-1514:35:33,,0,0
2020-10-1514:35:33,,0,0
2020-10-1514:35:33,,0,0
2020-10-1514:35:34,,0,0
2020-10-1514:35:34,,0,0
2020-10-1514:35:34,,0,0
2020-10-1514:35:35,,0,0
2020-10-1514:35:35,,0,0
2020-10-1514:35:35,,0,0
2020-10-1514:35:36,,0,0
2020-10-1514:35:36,,0,0
2020-10-1514:35:36,,0,0
2020-10-1514:35:37,,0,0
2020-10-1514:35:37,,0,0
2020-10-1514:35:37,,0,0
2020-10-1514:35:38,,0,0
2020-10-1514:35:38,,0,0
2020-10-1514:35:38,,0,0
2020-10-1514:35:38,,0,0
2020-10-1514:35:39,,0,0
2020-10-1514:35:39,,0,0
2020-10-1514:35:39,,0,0
2020-10-1514:35:40,,0,0
2020-10-1514:35:40,,0,0
2020-10-1514:35:40,,0,0
2020-10-1514:35:41,,0,0
2020-10-1514:35:41,,0,0
2020-10-1514:35:41,,0,0
2020-10-1514:35:42,,0,0
2020-10-1514:35:42,,0,0
2020-10-1514:35:42,,0,0
2020-10-1514:35:43,,0,0
2020-10-1514:35:43,,0,0
2020-10-1514:35:43,,0,0
2020-10-1514:35:44,,0,0
2020-10-1514:35:44,,0,0
2020-10-1514:35:44,,0,0
2020-10-1514:35:45,,0,0
2020-10-1514:35:45,,0,0
2020-10-1514:35:45,,0,0
2020-10-1514:35:45,,0,0
2020-10-1514:35:46,,0,0
2020-10-1514:35:46,,0,0
2020-10-1514:35:46,,0,0
2020-10-1514:35:47,,0,0
2020-10-1514:35:47,,0,0
2020-10-1514:35:47,,0,0
2020-10-1514:35:48,,0,0
2020-10-1514:35:48,,0,0
2020-10-1514:35:48,,0,0
2020-10-1514:35:49,,0,0
2020-10-1514:35:49,,0,0
2020-10-1514:35:49,,0,0
2020-10-1514:35:50,,0,0
2020-10-1514:35:50,,0,0
2020-10-1514:35:50,,0,0
2020-10-1514:35:51,,0,0
2020-10-1514:35:51,,0,0
2020-10-1514:35:51,,0,0
2020-10-1514:35:52,,0,0
2020-10-1514:35:52,,0,0
2020-10-1514:35:52,,0,0
2020-10-1514:35:52,,0,0
2020-10-1514:35:53,,0,0
2020-10-1514:35:53,,0,0
2020-10-1514:35:53,,0,0
2020-10-1514:35:54,,0,0
2020-10-1514:35:54,,0,0
2020-10-1514:35:54,,0,0
2020-10-1514:35:55,,0,0
2020-10-1514:35:55,,0,0
2020-10-1514:35:55,,0,0
2020-10-1514:35:56,,0,0
2020-10-1514:35:56,,0,0
2020-10-1514:35:56,,0,0
2020-10-1514:35:57,,0,0
2020-10-1514:35:57,,0,0
2020-10-1514:35:57,,0,0
2020-10-1514:35:58,,0,0
2020-10-1514:35:58,,0,0
2020-10-1514:35:58,,0,0
2020-10-1514:35:59,,0,0
2020-10-1514:35:59,,0,0
2020-10-1514:35:59,,0,0
2020-10-1514:36:00,,0,0
2020-10-1514:36:00,,0,0
2020-10-1514:36:00,,0,0
2020-10-1514:36:00,,0,0
2020-10-1514:36:01,,0,0
2020-10-1514:36:01,,0,0
2020-10-1514:36:01,,0,0
2020-10-1514:36:02,,0,0
2020-10-1514:36:02,,0,0
2020-10-1514:36:02,,0,0
2020-10-1514:36:03,,0,0
2020-10-1514:36:03,,0,0
2020-10-1514:36:03,,0,0
2020-10-1514:36:04,,0,0
2020-10-1514:36:04,,0,0
2020-10-1514:36:04,,0,0
2020-10-1514:36:05,,0,0
2020-10-1514:36:05,,0,0
2020-10-1514:36:05,,0,0
2020-10-1514:36:06,,0,0
2020-10-1514:36:06,,0,0
2020-10-1514:36:06,,0,0
2020-10-1514:36:06,,0,0
2020-10-1514:36:07,,0,0
2020-10-1514:36:07,,0,0
2020-10-1514:36:07,,0,0
2020-10-1514:36:08,,0,0
2020-10-1514:36:08,,0,0
2020-10-1514:36:08,,0,0
2020-10-1514:36:09,,0,0
2020-10-1514:36:09,,0,0
2020-10-1514:36:09,,0,0
2020-10-1514:36:10,,0,0
2020-10-1514:36:10,,0,0
2020-10-1514:36:10,,0,0
2020-10-1514:36:11,,0,0
2020-10-1514:36:11,,0,0
2020-10-1514:36:11,,0,0
2020-10-1514:36:12,,0,0
2020-10-1514:36:12,,0,0
2020-10-1514:36:12,,0,0
2020-10-1514:36:12,,0,0
2020-10-1514:36:13,,0,0
2020-10-1514:36:13,,0,0
2020-10-1514:36:13,,0,0
2020-10-1514:36:14,,0,0
2020-10-1514:36:14,,0,0
2020-10-1514:36:14,,0,0
2020-10-1514:36:15,,0,0
2020-10-1514:36:15,,0,0
2020-10-1514:36:15,,0,0
2020-10-1514:36:16,,0,0
2020-10-1514:36:16,,0,0
2020-10-1514:36:16,,0,0
2020-10-1514:36:17,,0,0
2020-10-1514:36:17,,0,0
2020-10-1514:36:17,,0,0
2020-10-1514:36:18,,0,0
2020-10-1514:36:18,,0,0
2020-10-1514:36:18,,0,0
2020-10-1514:36:19,,0,0
2020-10-1514:36:19,,0,0
2020-10-1514:36:19,,0,0
2020-10-1514:36:19,,0,0
2020-10-1514:36:20,,0,0
2020-10-1514:36:20,,0,0
2020-10-1514:36:20,,0,0
2020-10-1514:36:21,,0,0
2020-10-1514:36:21,,0,0
2020-10-1514:36:21,,0,0
2020-10-1514:36:22,,0,0
2020-10-1514:36:22,,0,0
2020-10-1514:36:22,,0,0
2020-10-1514:36:23,,0,0
2020-10-1514:36:23,,0,0
2020-10-1514:36:23,,0,0
2020-10-1514:36:24,,0,0
2020-10-1514:36:24,,0,0
2020-10-1514:36:24,,0,0
2020-10-1514:36:25,,0,0
2020-10-1514:36:25,,0,0
2020-10-1514:36:25,,0,0
2020-10-1514:36:26,,0,0
2020-10-1514:36:26,,0,0
2020-10-1514:36:26,,0,0
2020-10-1514:36:27,,0,0
2020-10-1514:36:27,,0,0
2020-10-1514:36:27,,0,0
2020-10-1514:36:28,,0,0
2020-10-1514:36:28,,0,0
2020-10-1514:36:28,,0,0
2020-10-1514:36:28,,0,0
2020-10-1514:36:29,,0,0
2020-10-1514:36:29,,0,0
2020-10-1514:36:29,,0,0
2020-10-1514:36:30,,0,0
2020-10-1514:36:30,,0,0
2020-10-1514:36:30,,0,0
2020-10-1514:36:31,,0,0
2020-10-1514:36:31,,0,0
2020-10-1514:36:31,,0,0
2020-10-1514:36:32,,0,0
2020-10-1514:36:32,,0,0
2020-10-1514:36:32,,0,0
2020-10-1514:36:33,,0,0
2020-10-1514:36:33,,0,0
2020-10-1514:36:33,,0,0
2020-10-1514:36:34,,0,0
2020-10-1514:36:34,,0,0
2020-10-1514:36:34,,0,0
2020-10-1514:36:35,,0,0
2020-10-1514:36:35,,0,0
2020-10-1514:36:35,,0,0
2020-10-1514:36:35,,0,0
2020-10-1514:36:36,,0,0
2020-10-1514:36:36,,0,0
2020-10-1514:36:36,,0,0
2020-10-1514:36:37,,0,0
2020-10-1514:36:37,,0,0
2020-10-1514:36:37,,0,0
2020-10-1514:36:38,,0,0
2020-10-1514:36:38,,0,0
2020-10-1514:36:38,,0,0
2020-10-1514:36:39,,0,0
2020-10-1514:36:39,,0,0
2020-10-1514:36:39,,0,0
2020-10-1514:36:40,,0,0
2020-10-1514:36:40,,0,0
2020-10-1514:36:40,,0,0
2020-10-1514:36:41,,0,0
2020-10-1514:36:41,,0,0
2020-10-1514:36:41,,0,0
2020-10-1514:36:42,,0,0
2020-10-1514:36:42,,0,0
2020-10-1514:36:42,19,0,0
2020-10-1514:36:42,,0,0
2020-10-1514:36:43,,0,0
2020-10-1514:36:43,,0,0
2020-10-1514:36:43,,0,0
2020-10-1514:36:44,,0,0
2020-10-1514:36:44,,0,0
2020-10-1514:36:44,,0,0
2020-10-1514:36:45,,0,0
2020-10-1514:36:45,,0,0
2020-10-1514:36:45,,0,0
2020-10-1514:36:46,,0,0
2020-10-1514:36:46,,0,0
2020-10-1514:36:46,,0,0
2020-10-1514:36:47,,0,0
2020-10-1514:36:47,,0,0
2020-10-1514:36:47,,0,0
2020-10-1514:36:48,,0,0
2020-10-1514:36:48,,0,0
2020-10-1514:36:48,,0,0
2020-10-1514:36:48,,0,0
2020-10-1514:36:49,,0,0
2020-10-1514:36:49,,0,0
2020-10-1514:36:49,,0,0
2020-10-1514:36:50,,0,0
2020-10-1514:36:50,,0,0
2020-10-1514:36:50,7,0,0
2020-10-1514:36:51,,0,0
2020-10-1514:36:51,39,0,0
2020-10-1514:36:51,39,0,0
2020-10-1514:36:52,,0,0
2020-10-1514:36:52,,0,0
2020-10-1514:36:52,,0,0
2020-10-1514:36:53,37,0,0
2020-10-1514:36:53,37,0,0
2020-10-1514:36:53,4,0,0
2020-10-1514:36:54,,0,0
2020-10-1514:36:54,,0,0
2020-10-1514:36:54,,0,0
2020-10-1514:36:55,,0,0
2020-10-1514:36:55,33,0,0
2020-10-1514:36:55,32,0,0
2020-10-1514:36:55,31,0,0
2020-10-1514:36:56,31,0,0
2020-10-1514:36:56,29,0,0
2020-10-1514:36:56,,0,0
2020-10-1514:36:57,,0,0
2020-10-1514:36:57,23,0,0
2020-10-1514:36:57,,0,0
2020-10-1514:36:58,,0,0
2020-10-1514:36:58,18,0,0
2020-10-1514:36:58,,0,0
2020-10-1514:36:59,,0,0
2020-10-1514:36:59,12,0,0
2020-10-1514:36:59,,0,0
2020-10-1514:37:00,,0,0
2020-10-1514:37:00,,0,0
2020-10-1514:37:00,,0,0
2020-10-1514:37:01,,0,0
2020-10-1514:37:01,,0,0
2020-10-1514:37:01,4,0,0
2020-10-1514:37:02,,0,0
2020-10-1514:37:02,6,0,0
2020-10-1514:37:02,,0,0
2020-10-1514:37:03,,0,0
2020-10-1514:37:03,4,0,0
2020-10-1514:37:03,,0,0
2020-10-1514:37:03,3,0,0
2020-10-1514:37:04,,0,0
2020-10-1514:37:04,,0,0
2020-10-1514:37:04,,0,0
2020-10-1514:37:05,,0,0
2020-10-1514:37:05,,0,0
2020-10-1514:37:05,,0,0
2020-10-1514:37:06,,0,0
2020-10-1514:37:06,,0,0
2020-10-1514:37:06,,0,0
2020-10-1514:37:07,,0,0
2020-10-1514:37:07,,0,0
2020-10-1514:37:07,,0,0
2020-10-1514:37:08,,0,0
2020-10-1514:37:08,,0,0
2020-10-1514:37:08,,0,0
2020-10-1514:37:09,,0,0
2020-10-1514:37:09,,0,0
2020-10-1514:37:09,,0,0
2020-10-1514:37:09,,0,0
2020-10-1514:37:10,,0,0
2020-10-1514:37:10,,0,0
2020-10-1514:37:10,,0,0
2020-10-1514:37:11,,0,0
2020-10-1514:37:11,,0,0
2020-10-1514:37:11,,0,0
2020-10-1514:37:12,,0,0
2020-10-1514:37:12,,0,0
2020-10-1514:37:12,,0,0
2020-10-1514:37:13,,0,0
2020-10-1514:37:13,,0,0
2020-10-1514:37:13,,0,0
2020-10-1514:37:14,,0,0
2020-10-1514:37:14,,0,0
2020-10-1514:37:14,,0,0
2020-10-1514:37:15,,0,0
2020-10-1514:37:15,,0,0
2020-10-1514:37:15,,0,0
2020-10-1514:37:16,,0,0
2020-10-1514:37:16,,0,0
2020-10-1514:37:16,,0,0
2020-10-1514:37:16,,0,0
2020-10-1514:37:17,,0,0
2020-10-1514:37:17,,0,0
2020-10-1514:37:17,,0,0
2020-10-1514:37:18,,0,0
2020-10-1514:37:18,,0,0
2020-10-1514:37:18,,0,0
2020-10-1514:37:19,11,0,0
2020-10-1514:37:19,,0,0
2020-10-1514:37:19,15,0,0
2020-10-1514:37:20,,0,0
2020-10-1514:37:20,,0,0
2020-10-1514:37:20,21,0,0
2020-10-1514:37:21,24,0,0
2020-10-1514:37:21,4,0,0
2020-10-1514:37:21,,0,0
2020-10-1514:37:22,,0,0
2020-10-1514:37:22,33,0,0
2020-10-1514:37:22,34,0,0
2020-10-1514:37:23,,0,0
2020-10-1514:37:23,39,0,0
2020-10-1514:37:23,,0,0
2020-10-1514:37:23,,0,0
2020-10-1514:37:24,40,0,0
2020-10-1514:37:24,,0,0
2020-10-1514:37:24,,0,0
2020-10-1514:37:25,,0,0
2020-10-1514:37:25,,0,0
2020-10-1514:37:25,,0,0
2020-10-1514:37:26,,0,0
2020-10-1514:37:26,37,0,0
2020-10-1514:37:26,36,0,0
2020-10-1514:37:27,,0,0
2020-10-1514:37:27,,0,0
2020-10-1514:37:27,,0,0
2020-10-1514:37:28,,0,0
2020-10-1514:37:28,34,0,0
2020-10-1514:37:28,33,0,0
2020-10-1514:37:29,,0,0
2020-10-1514:37:29,32,0,0
2020-10-1514:37:29,32,0,0
2020-10-1514:37:30,32,0,0
2020-10-1514:37:30,32,0,0
2020-10-1514:37:30,33,0,0
2020-10-1514:37:30,33,0,0
2020-10-1514:37:31,,0,0
2020-10-1514:37:31,,0,0
2020-10-1514:37:31,35,0,0
2020-10-1514:37:32,36,0,0
2020-10-1514:37:32,,0,0
2020-10-1514:37:32,38,0,0
2020-10-1514:37:33,39,0,0
2020-10-1514:37:33,8,0,0
2020-10-1514:37:33,40,0,0
2020-10-1514:37:34,42,0,0
2020-10-1514:37:34,42,0,0
2020-10-1514:37:34,,0,0
2020-10-1514:37:35,,0,0
2020-10-1514:37:35,45,0,0
2020-10-1514:37:35,46,0,0
2020-10-1514:37:36,47,0,0
2020-10-1514:37:36,,0,0
2020-10-1514:37:36,48,0,0
2020-10-1514:37:37,48,0,0
2020-10-1514:37:37,48,0,0
2020-10-1514:37:37,,0,0
2020-10-1514:37:37,49,0,0
2020-10-1514:37:38,,0,0
2020-10-1514:37:38,50,0,0
2020-10-1514:37:38,50,0,0
2020-10-1514:37:39,20,0,0
2020-10-1514:37:39,1,0,0
2020-10-1514:37:39,7,0,0
2020-10-1514:37:40,,0,0
2020-10-1514:37:40,,0,0
2020-10-1514:37:40,,0,0
2020-10-1514:37:41,,0,0
2020-10-1514:37:41,,0,0
2020-10-1514:37:41,93,0,0
2020-10-1514:37:42,93,0,0
2020-10-1514:37:42,,0,0
2020-10-1514:37:42,,0,0
2020-10-1514:37:43,95,0,0
2020-10-1514:37:43,95,0,0
2020-10-1514:37:43,96,0,0
2020-10-1514:37:44,96,0,0
2020-10-1514:37:44,,0,0
2020-10-1514:37:44,,0,0
2020-10-1514:37:44,2,0,0
2020-10-1514:37:45,,0,0
2020-10-1514:37:45,,0,0
2020-10-1514:37:45,,0,0
2020-10-1514:37:46,,0,0
2020-10-1514:37:46,,0,0
2020-10-1514:37:46,96,0,0
2020-10-1514:37:47,,0,0
2020-10-1514:37:47,,0,0
2020-10-1514:37:47,,0,0
2020-10-1514:37:48,53,0,0
2020-10-1514:37:48,,0,0
2020-10-1514:37:48,,0,0
2020-10-1514:37:49,,0,0
2020-10-1514:37:49,,0,0
2020-10-1514:37:49,,0,0
2020-10-1514:37:50,,0,0
2020-10-1514:37:50,,0,0
2020-10-1514:37:50,,0,0
2020-10-1514:37:51,,0,0
2020-10-1514:37:51,55,0,0
2020-10-1514:37:51,55,0,0
2020-10-1514:37:52,56,0,0
2020-10-1514:37:52,56,0,0
2020-10-1514:37:52,4,0,0
2020-10-1514:37:52,,0,0
2020-10-1514:37:53,6,0,0
2020-10-1514:37:54,,0,0
2020-10-1514:37:54,4,0,0
2020-10-1514:37:54,4,0,0
2020-10-1514:37:55,60,0,0
2020-10-1514:37:55,60,1,0
2020-10-1514:37:55,60,1,0
2020-10-1514:37:56,67,1,1
2020-10-1514:37:56,,1,1
2020-10-1514:37:56,,1,1
2020-10-1514:37:57,,1,1
2020-10-1514:37:57,63,1,1
2020-10-1514:37:57,63,1,1
2020-10-1514:37:57,63,1,0
2020-10-1514:37:58,64,1,0
2020-10-1514:37:58,64,0,0
2020-10-1514:37:58,,1,0
2020-10-1514:37:59,65,1,0
2020-10-1514:37:59,65,0,0
2020-10-1514:37:59,65,1,0
2020-10-1514:38:00,65,1,0
2020-10-1514:38:00,65,1,0
2020-10-1514:38:00,,1,0
2020-10-1514:38:01,64,1,0
2020-10-1514:38:01,62,1,0
2020-10-1514:38:01,,1,0
2020-10-1514:38:02,61,1,0
2020-10-1514:38:02,60,1,0
2020-10-1514:38:02,4,1,1
2020-10-1514:38:03,4,1,1
2020-10-1514:38:03,,1,1
2020-10-1514:38:03,,1,1
2020-10-1514:38:03,,1,1
2020-10-1514:38:04,4,1,1
2020-10-1514:38:04,4,1,1
2020-10-1514:38:04,,1,1
2020-10-1514:38:05,95,0,0
2020-10-1514:38:05,,0,0
2020-10-1514:38:05,,0,0
2020-10-1514:38:06,02,0,0
2020-10-1514:38:06,37,0,0
2020-10-1514:38:06,90,0,0
2020-10-1514:38:07,218,0,0
2020-10-1514:38:07,4,0,0
2020-10-1514:38:07,4,0,0
2020-10-1514:38:08,4,0,0
2020-10-1514:38:08,,0,0
2020-10-1514:38:08,,0,0
2020-10-1514:38:09,49,0,0
2020-10-1514:38:09,49,0,0
2020-10-1514:38:09,49,0,0
2020-10-1514:38:10,50,0,0
2020-10-1514:38:10,16,0,0
2020-10-1514:38:10,16,0,0
2020-10-1514:38:10,50,0,0
2020-10-1514:38:11,50,0,0
2020-10-1514:38:11,50,0,0
2020-10-1514:38:11,50,0,0
2020-10-1514:38:12,218,0,0
2020-10-1514:38:12,50,0,0
2020-10-1514:38:12,49,0,0
2020-10-1514:38:13,4,0,0
2020-10-1514:38:13,4,0,0
2020-10-1514:38:13,48,0,0
2020-10-1514:38:14,48,0,0
2020-10-1514:38:14,48,0,0
2020-10-1514:38:14,48,0,0
2020-10-1514:38:15,,0,0
2020-10-1514:38:15,47,0,0
2020-10-1514:38:15,,0,0
2020-10-1514:38:16,46,0,0
2020-10-1514:38:16,46,0,0
2020-10-1514:38:16,45,0,0
2020-10-1514:38:17,45,0,0
2020-10-1514:38:17,45,0,0
2020-10-1514:38:17,,0,0
2020-10-1514:38:18,,0,0
2020-10-1514:38:18,44,0,0
2020-10-1514:38:18,43,0,0
2020-10-1514:38:18,42,0,0
2020-10-1514:38:19,4,0,0
2020-10-1514:38:19,,0,0
2020-10-1514:38:19,,0,0
2020-10-1514:38:20,43,0,0
2020-10-1514:38:20,43,0,0
2020-10-1514:38:20,,0,0
2020-10-1514:38:21,,0,0
2020-10-1514:38:21,,0,0
2020-10-1514:38:21,,0,0
2020-10-1514:38:22,8,0,0
2020-10-1514:38:22,,0,0
2020-10-1514:38:22,36,0,0
2020-10-1514:38:23,32,0,0
2020-10-1514:38:23,,0,0
2020-10-1514:38:23,27,0,0
2020-10-1514:38:24,25,0,0
2020-10-1514:38:24,7,0,0
2020-10-1514:38:24,,0,0
2020-10-1514:38:24,,0,0
2020-10-1514:38:25,,0,0
2020-10-1514:38:25,,0,0
2020-10-1514:38:25,4,0,0
2020-10-1514:38:26,,0,0
2020-10-1514:38:26,10,0,0
2020-10-1514:38:26,4,0,0
2020-10-1514:38:27,8,0,0
2020-10-1514:38:27,3,0,0
2020-10-1514:38:27,3,0,0
2020-10-1514:38:28,,0,0
2020-10-1514:38:28,3,0,0
2020-10-1514:38:28,8,0,0
2020-10-1514:38:29,3,0,0
2020-10-1514:38:29,3,0,0
2020-10-1514:38:29,3,0,0
2020-10-1514:38:30,3,0,0
2020-10-1514:38:30,8,0,0
2020-10-1514:38:30,,0,0
2020-10-1514:38:30,,0,0
2020-10-1514:38:31,6,0,0
2020-10-1514:38:31,,0,0
2020-10-1514:38:31,4,0,0
2020-10-1514:38:32,,0,0
2020-10-1514:38:32,4,0,0
2020-10-1514:38:32,,0,0
2020-10-1514:38:33,,0,0
2020-10-1514:38:33,,0,0
2020-10-1514:38:33,9,0,0
2020-10-1514:38:34,9,0,0
2020-10-1514:38:34,,0,0
2020-10-1514:38:34,,0,0
2020-10-1514:38:35,8,0,0
2020-10-1514:38:35,,0,0
2020-10-1514:38:35,4,0,0
2020-10-1514:38:36,6,0,0
2020-10-1514:38:36,6,0,0
2020-10-1514:38:36,6,0,0
2020-10-1514:38:37,6,0,0
2020-10-1514:38:37,8,0,0
2020-10-1514:38:37,6,0,0
2020-10-1514:38:38,,0,0
2020-10-1514:38:38,,0,0
2020-10-1514:38:38,4,0,0
2020-10-1514:38:38,4,0,0
2020-10-1514:38:39,,0,0
2020-10-1514:38:39,,0,0
2020-10-1514:38:39,,0,0
2020-10-1514:38:40,,0,0
2020-10-1514:38:40,,0,0
2020-10-1514:38:40,,0,0
2020-10-1514:38:41,12,0,0
